x y
1 0.06816737324558834
2 0.06142416673969897
3 0.060298687679877463
4 0.059760048006480056
5 0.058346641132347415
6 0.05872758925469662
7 0.05954174570256126
8 0.05745941370013631
9 0.05916566197019795
10 0.05829176913196723
11 0.05796200557017489
12 0.05716588060807042
13 0.05765628643054197
14 0.05698618605580346
15 0.05761561020191619
16 0.05578095254841111
17 0.05661081250617122
18 0.05598700840547426
19 0.05650163345267748
20 0.056303881045189325
21 0.054261282378801304
22 0.05506814035997049
23 0.05561566262572699
24 0.055154243693925416
25 0.054775951398415776
26 0.0546909358237994
27 0.05561845180015922
28 0.0553279960903088
29 0.054869644509138914
30 0.05447624344060852
31 0.055365738970682074
32 0.054524536552893015
33 0.054844199314255763
34 0.053069777182802404
35 0.05521544151694702
36 0.05430086586408241
37 0.05359785696141956
38 0.05369792298855635
39 0.05449545561453588
40 0.054330892428603186
41 0.054380564114441234
42 0.0540212403868449
43 0.05339398943269212
44 0.054186231548875675
45 0.05345248629310432
46 0.0538581234654062
47 0.053420686261544045
48 0.052952941735958485
49 0.053660544264845476
50 0.0530723504747547
51 0.05313534484762991
52 0.05229436064539509
53 0.054162138513585
54 0.05359067170286341
55 0.053188635322421074
56 0.05394720338895256
57 0.05311741079791821
58 0.053198360485174144
59 0.05270563166448688
60 0.053070806818712284
61 0.05231814371237576
62 0.05342880080838659
63 0.05258533493345508
64 0.05292116678971479
65 0.05205777452769133
66 0.05349283481061255
67 0.05292471955330095
68 0.05296030199415855
69 0.052376161942913266
70 0.05291764871074275
71 0.05200982292154136
72 0.05291641461615269
73 0.05227173614369724
74 0.0523894292464537
75 0.051948663737281596
76 0.0522886428079304
77 0.05260075051528195
78 0.05223331479641764
79 0.05164623082497828
80 0.051557953205633486
81 0.05090554117037575
82 0.05200219020857746
83 0.05202027909940827
84 0.0510442114654458
85 0.052352849343225816
86 0.05201171220315194
87 0.05151497932475175
88 0.0515553056176612
89 0.051407492582911926
90 0.050546478689886605
91 0.05129841726540298
92 0.051648056318938936
93 0.05044756921917302
94 0.05096147674113614
95 0.051181790047029586
96 0.05086986660804765
97 0.05134002931746606
98 0.05100736435210339
99 0.05063574365737495
100 0.05124910794351085
101 0.05068460178685473
102 0.050815783199495014
103 0.0498769379541939
104 0.05076528377449553
105 0.05072603775220112
106 0.050226514510581514
107 0.05052596259442613
108 0.05053986366774645
109 0.05009782630886641
110 0.05044061176275434
111 0.05130152298779618
112 0.05019055492540268
113 0.05003986046125051
114 0.049770471814752845
115 0.04979342465056901
116 0.050009461393128486
117 0.05003695778625003
118 0.049797613517009356
119 0.049195877406682575
120 0.05011849217243976
121 0.05013532060557665
122 0.04980555235220711
123 0.049789847348381225
124 0.04916906963919413
125 0.049541452658003506
126 0.05002203909203461
127 0.048373597791679074
128 0.049366489624916084
129 0.049691995955469664
130 0.04990381570755418
131 0.05001266230749596
132 0.04977568946524488
133 0.04876842733739586
134 0.048413823101249975
135 0.049504478497004754
136 0.0488608737663706
137 0.04949132600996275
138 0.050396859327985974
139 0.04918608687970622
140 0.048822731574291664
141 0.04842116250163866
142 0.048716680525004254
143 0.049314961949865566
144 0.04912912588782685
145 0.048917501281196756
146 0.04779995637771009
147 0.04904748138307304
148 0.048542156968100485
149 0.04896350642316578
150 0.048411237908711616
151 0.048636992592300976
152 0.04925956654619845
153 0.04841054236014142
154 0.04774787669855173
155 0.04924133079882978
156 0.048551903484522686
157 0.048235416590353734
158 0.04774849274459553
159 0.04872473460898668
160 0.04892687246508566
161 0.04889787230704221
162 0.04844287598550116
163 0.04776317014679974
164 0.04871902368174478
165 0.04873951768610665
166 0.048654177019518796
167 0.048211868833305485
168 0.04777810811589602
169 0.04820929759471286
170 0.04751824090454359
171 0.047503653360664234
172 0.047955134572022606
173 0.04817287526617888
174 0.04785523243223034
175 0.04795858767455755
176 0.04811436068203059
177 0.047674113255210294
178 0.04819567735488097
179 0.047693153983140966
180 0.047928318050737675
181 0.048040184284538136
182 0.04723610607557533
183 0.047933305960161286
184 0.047157114765800714
185 0.048489869988615604
186 0.047323871613718545
187 0.047881987854940085
188 0.04785396948253336
189 0.04760068118470521
190 0.047276810212092596
191 0.047515149142453285
192 0.04776127278525064
193 0.04721770429850235
194 0.047151387220966935
195 0.04774256882102009
196 0.04741134440507295
197 0.04732581459418092
198 0.047896735967731315
199 0.04679616471377453
200 0.04790399159994548
201 0.047100919124006005
202 0.04773056571953533
203 0.047772634691803526
204 0.04744260695861468
205 0.04714408853177121
206 0.047141531228052876
207 0.04710340474449327
208 0.04706192096701661
209 0.04733312807646628
210 0.046897027647891956
211 0.04762345190722584
212 0.0465688542001992
213 0.047892975191817753
214 0.04649340675399979
215 0.04666180392479327
216 0.047489921273123285
217 0.04694182841495036
218 0.04615549235239167
219 0.046575452750961935
220 0.04720128982394629
221 0.04574074929281306
222 0.04741096427924804
223 0.04613681556498028
224 0.04617491524679262
225 0.04644470104356471
226 0.04724475101857055
227 0.047078641652806626
228 0.04672500735892574
229 0.04668079844259565
230 0.04685861309640644
231 0.04617670829385621
232 0.046431233826706844
233 0.04666427098240055
234 0.0465224603438947
235 0.046290072622000154
236 0.046683766761534046
237 0.04681284187851099
238 0.046733822451058914
239 0.04661047702763268
240 0.04676169764136088
241 0.04651128165042441
242 0.047028785946527846
243 0.04632938268623051
244 0.04725687719449248
245 0.045992245122078335
246 0.04635850856964295
247 0.04626639758843814
248 0.04674048491661459
249 0.04659432000496485
250 0.04647703158570638
251 0.04684379920617712
252 0.04642573226586544
253 0.046384793582273834
254 0.046345718802547294
255 0.04577995204833994
256 0.0466110246262351
257 0.046856535611349975
258 0.04683921957839878
259 0.04683888591063104
260 0.04627918813110619
261 0.04639837515155813
262 0.046576817542212816
263 0.046814699895654524
264 0.046331149529118994
265 0.046509703703911234
266 0.04613605125746833
267 0.0464841408763119
268 0.04654459689613495
269 0.046384581882799036
270 0.04568747055332205
271 0.045998674261132605
272 0.046212440788898454
273 0.04625586603383562
274 0.045694995855868066
275 0.045981803629229503
276 0.045734676739054736
277 0.04585452687389411
278 0.04645496924684316
279 0.04580921300849003
280 0.04598129748560666
281 0.045997925662139984
282 0.04570031717241624
283 0.04555383549030527
284 0.04578238067061421
285 0.04579840896733792
286 0.04568419999636888
287 0.04545804170363999
288 0.04664529563776462
289 0.0466224736003237
290 0.04530155405707327
291 0.0462830288926896
292 0.045704140229335014
293 0.04543122643471374
294 0.04615285391235921
295 0.04491185872424584
296 0.04515980138306731
297 0.04557365793162645
298 0.045731697237888294
299 0.04561710180301512
300 0.04582567139188584
301 0.04585704855214003
302 0.04612971294302582
303 0.04602336652144637
304 0.046286410089493205
305 0.04582339434315524
306 0.04592164108091044
307 0.045159431524040755
308 0.045568989354595794
309 0.045571877973936116
310 0.04596915306466228
311 0.04548051245129149
312 0.04533638020678592
313 0.045323418021049514
314 0.04607031409193225
315 0.04554641712139084
316 0.04614559079777869
317 0.045142488198119626
318 0.04593166204188464
319 0.04573184107477958
320 0.045645238424781645
321 0.044961373267676234
322 0.045331926310733725
323 0.04561664781981361
324 0.045508479623206644
325 0.0463392716981852
326 0.0454563724493716
327 0.044890995738144215
328 0.04461328387133294
329 0.046229062798995614
330 0.04591451416828323
331 0.04580742941450951
332 0.044851944924875736
333 0.04540123404623502
334 0.045663264754892616
335 0.04558921288126768
336 0.044404604322826904
337 0.045530209521232205
338 0.045399462492697884
339 0.045310677973229324
340 0.04553256716591913
341 0.045252565625076
342 0.045292695609172456
343 0.04559023537809735
344 0.04521115525361824
345 0.04523065927161902
346 0.045114324323248134
347 0.04551190367992014
348 0.04535943838058885
349 0.04542821036085944
350 0.045564426980124396
351 0.04528079529645703
352 0.046137190312655715
353 0.04501896230154274
354 0.045979197617022655
355 0.04560432165428843
356 0.04471793278110922
357 0.045678008188820944
358 0.045086224630169904
359 0.04440742973301801
360 0.04440807577209872
361 0.045124800926640174
362 0.04588996783636332
363 0.04473022769488166
364 0.045451278261102915
365 0.04564043580087175
366 0.04546635247665257
367 0.045584962445822996
368 0.044407824022574635
369 0.045076672521772644
370 0.04500207281433071
371 0.0451432414950466
372 0.045017125167639185
373 0.045150613564832624
374 0.04457170509259652
375 0.0447231213222083
376 0.04560367141313113
377 0.04479057687007323
378 0.04531047103526039
379 0.045710231841831074
380 0.04526455329139892
381 0.045356861007345824
382 0.04461980489664314
383 0.04495345864686543
384 0.04532855358165482
385 0.044974972109338936
386 0.04471447128713538
387 0.04526404461127296
388 0.04476628621639652
389 0.04482827436674781
390 0.04505179464537332
391 0.04419786723349688
392 0.04504351467275579
393 0.044670255530511155
394 0.0448222941378888
395 0.045044264435106986
396 0.04546911101597568
397 0.04473538659894426
398 0.04540854522087468
399 0.04508179311764525
400 0.04435564744772561
401 0.0456656729579989
402 0.04526702988473222
403 0.044763343542203966
404 0.04427481619418685
405 0.0445072708759495
406 0.04505634576768802
407 0.044809146908210404
408 0.04516228170804806
409 0.045043868842334474
410 0.04426451787072847
411 0.04515018681566463
412 0.044657616682172635
413 0.044154373382189575
414 0.044955763018629656
415 0.044759612905541785
416 0.04492786595972935
417 0.044776810345847046
418 0.044290335823498894
419 0.044869039957840695
420 0.04488911419318601
421 0.04449097061396255
422 0.044248431711219276
423 0.04438913962565388
424 0.04483512503574936
425 0.044456316812961985
426 0.044316905795409006
427 0.04441733377963406
428 0.04459194062156889
429 0.04418290634051525
430 0.04511824759429022
431 0.044625829867128625
432 0.0452769038683827
433 0.04511974066648467
434 0.044963421973911566
435 0.04492895488878362
436 0.04447836984495661
437 0.04415806037065519
438 0.04437389068381778
439 0.04499618054936567
440 0.044931145473907835
441 0.04391977740864908
442 0.044620456402873425
443 0.04495897120557751
444 0.044262154676249006
445 0.04511592063556962
446 0.0449006767123429
447 0.04445190385696017
448 0.04463660817453479
449 0.044416491724169296
450 0.04531333880314648
451 0.04403839440882816
452 0.04397209314788364
453 0.04445154374980276
454 0.044465989808936575
455 0.04393445832000047
456 0.04514565892237852
457 0.04455640455612551
458 0.04445897740130742
459 0.0444420631784221
460 0.04490224678870354
461 0.044362115111113
462 0.04455000277824776
463 0.04495843347963009
464 0.044437197351720144
465 0.04455666725266305
466 0.04472881411885646
467 0.0448119857002037
468 0.044543050464763985
469 0.04433332124260912
470 0.044060731370243605
471 0.04389437764196469
472 0.04484340201414893
473 0.0439857818097283
474 0.04481621555755163
475 0.04401607859765303
476 0.044254800520913594
477 0.04454195482891574
478 0.04426137953615229
479 0.04417080843484239
480 0.04378159731982511
481 0.043851904075198615
482 0.04413539076497327
483 0.04368173157472049
484 0.04363531140616933
485 0.0446801142061428
486 0.04496352911732913
487 0.04396994648431348
488 0.044546306444770645
489 0.044489134153916976
490 0.04469607549214119
491 0.04408684774673839
492 0.04419579070201302
493 0.04425142163175568
494 0.043837497824542354
495 0.044274827427272095
496 0.04389302197322504
497 0.044661422638356076
498 0.044009284596292636
499 0.044532278056793655
500 0.044273754893309425
501 0.04430157442675719
502 0.04415306398079257
503 0.04437535362311801
504 0.04444611593190924
505 0.04402095470386764
506 0.044653973564403864
507 0.04473789125274066
508 0.044153486597812625
509 0.04414486088519821
510 0.04471556796555633
511 0.044197781774320294
512 0.044188440125753445
513 0.04326989014121249
514 0.043690737133445186
515 0.04353833180111626
516 0.044223375745600806
517 0.04404068783357892
518 0.04410229166238585
519 0.043750108839505364
520 0.044885660836365034
521 0.04463981764562708
522 0.043503447121117304
523 0.04459978102900266
524 0.044571145803194
525 0.044184309516241936
526 0.04347919929556472
527 0.04409603538061572
528 0.0443846274281728
529 0.0444154493548866
530 0.04392091456304841
531 0.04389703915209697
532 0.04404062512028746
533 0.04420300906860991
534 0.04381244450349857
535 0.044676533782594036
536 0.04413279742256773
537 0.043474511265652986
538 0.0445351757732166
539 0.043317601008423356
540 0.043978944427171665
541 0.04407222717110411
542 0.044603404738390404
543 0.044503833195862104
544 0.04381793780004409
545 0.04330917442083969
546 0.043973531612153754
547 0.04454251762110829
548 0.043999062793857
549 0.044211525578089945
550 0.04356029321385529
551 0.04456425369192716
552 0.04370424551921086
553 0.043743656859208696
554 0.04421664830360803
555 0.043865468276747255
556 0.04446080939227607
557 0.04395876517169712
558 0.04397910210993713
559 0.04327212036952834
560 0.04423183225629273
561 0.043121190589086596
562 0.044088121122162496
563 0.04412092483974357
564 0.044124615973071435
565 0.04366738110806145
566 0.044737306433021005
567 0.044162332185197606
568 0.043664971856025296
569 0.04391909822338474
570 0.04500722805031737
571 0.04406251226243509
572 0.04427798744608925
573 0.04428321992145667
574 0.0441450436087802
575 0.04331958217628987
576 0.04400552306387815
577 0.04281041491458847
578 0.04341320543464133
579 0.0431513005848529
580 0.04391159963994303
581 0.04383802467340495
582 0.044135301427934766
583 0.043837681635197114
584 0.04365381516465351
585 0.04462269092226598
586 0.04339195788542362
587 0.042863578373509056
588 0.044103393547313206
589 0.043513167846579194
590 0.04420195964924711
591 0.04408564566675917
592 0.043810847390176086
593 0.042566045807235886
594 0.043100512004854735
595 0.04365310132656081
596 0.04414060789417895
597 0.04406984783581906
598 0.043739934741128424
599 0.04335240126546129
600 0.04373134726677535
601 0.043271397548781725
602 0.043976352305339056
603 0.04341535328064152
604 0.04348123678142911
605 0.04459821712543533
606 0.04353699679947347
607 0.04351790450233648
608 0.04373568419761218
609 0.04339910769015042
610 0.04367485741604717
611 0.043988017530622335
612 0.04342178360212581
613 0.043754326300409464
614 0.04342202226863379
615 0.044324365498517156
616 0.043471698652406195
617 0.0435488293640341
618 0.04376264116106993
619 0.04384739044735863
620 0.043928298228277284
621 0.0436037188656501
622 0.04458386259019985
623 0.04347804015813834
624 0.04361503449850319
625 0.043485695686916036
626 0.043378953926850095
627 0.04380189751373419
628 0.04342175987723948
629 0.042857077703795335
630 0.04387975873190388
631 0.04351541535998774
632 0.042833764614607285
633 0.04382274032859672
634 0.04387847049981864
635 0.04298409351080961
636 0.04415799983150927
637 0.04383100424940879
638 0.04406738335285781
639 0.04354944044514321
640 0.043915169866622104
641 0.04347162512560143
642 0.04338915540547501
643 0.042922229890683
644 0.04386973065092092
645 0.04318997099893899
646 0.042789224300012245
647 0.04363827135274028
648 0.04307262746318412
649 0.04339565732754742
650 0.0431358762937296
651 0.04330137685424435
652 0.043496962541351956
653 0.04299515862742585
654 0.04283033477924383
655 0.043129820471991855
656 0.04402394253925862
657 0.04394001087154748
658 0.043207159062446994
659 0.0435919314495736
660 0.04329633106932095
661 0.04361375547792928
662 0.04405311226158215
663 0.04311892317779642
664 0.04380106847771402
665 0.04295154995962011
666 0.04366246029200611
667 0.04297651043447821
668 0.04288648229740789
669 0.0435454403288637
670 0.04358508281486026
671 0.04375666326528523
672 0.04295293564046813
673 0.04348616678992433
674 0.04399401123664078
675 0.04323566022866212
676 0.04393633261144975
677 0.04358373061712488
678 0.043498171677768434
679 0.043451324086191304
680 0.04358579131930355
681 0.04329528738410807
682 0.0437235776589287
683 0.04373681877736549
684 0.04263962693385297
685 0.0442278300294392
686 0.04345063598184455
687 0.043944132994262836
688 0.04354812316087936
689 0.043017874900950916
690 0.04287478945666206
691 0.043232856299283154
692 0.04262502269609593
693 0.04351540469904605
694 0.043135425463674826
695 0.04326681985357719
696 0.042719627829084214
697 0.043382693584309094
698 0.043476417578070234
699 0.04306976203472948
700 0.043142710440496536
701 0.04320835593591981
702 0.04393299761206013
703 0.04355715989507099
704 0.04329966970500075
705 0.043198412074469054
706 0.0428692873999629
707 0.043598818818406035
708 0.043275535596159535
709 0.043577259546304724
710 0.043187097617688845
711 0.043081448747182054
712 0.043432249449218904
713 0.04381140105350026
714 0.04296063461401357
715 0.04318952202517221
716 0.043376323420541686
717 0.042721483150795866
718 0.043015674233385724
719 0.04370142730531432
720 0.04368986164572499
721 0.04370501699758878
722 0.04342550798335173
723 0.04346844057453981
724 0.04298388472926698
725 0.0429378070394944
726 0.04315017348746594
727 0.04305798500623719
728 0.04266776627647999
729 0.04289062928293955
730 0.04340705352457107
731 0.04383496142949261
732 0.04292854257945111
733 0.04376840853345272
734 0.04276672519946871
735 0.04275132183608545
736 0.04296294551457155
737 0.042818344417489024
738 0.04289870867473884
739 0.04307516711945216
740 0.04370011882570417
741 0.042552834332192715
742 0.04348900758442008
743 0.04351247145250796
744 0.043419292330131594
745 0.04258218429880948
746 0.043255583023963935
747 0.0434149926839835
748 0.043017254856259346
749 0.04306753157119905
750 0.04279027345873187
751 0.04317561505877321
752 0.0428224377168832
753 0.043684184125309916
754 0.042931204807941416
755 0.043031353516179954
756 0.0430424584222023
757 0.043393686420122105
758 0.04300951113473026
759 0.04284776635340863
760 0.04361581961932646
761 0.043129221412254684
762 0.04305095013879468
763 0.043551527402354184
764 0.04304019235862807
765 0.04285896278968647
766 0.04310304154689605
767 0.0433762076186849
768 0.04320832306309365
769 0.04276670945916363
770 0.043318282679333624
771 0.043793936485723425
772 0.042849753573282585
773 0.0428756051172372
774 0.04253464288144999
775 0.043120257550081295
776 0.042767713799970956
777 0.042763686049157444
778 0.04273968865719875
779 0.04312038069444712
780 0.04297616304162216
781 0.04266086724863321
782 0.04348989743930081
783 0.04259027520340864
784 0.04363747458561695
785 0.043339474787840254
786 0.04351158590141824
787 0.042386980142457086
788 0.042783467130856304
789 0.042883361425924624
790 0.042631096673856006
791 0.04236096420894304
792 0.04232698390355696
793 0.04309888439628044
794 0.04299510339650074
795 0.04321522427780026
796 0.04278713880494593
797 0.04308466931785943
798 0.043425366180748666
799 0.04356020514824691
800 0.04294382947347677
801 0.04300133687517139
802 0.04301635011293172
803 0.0428322548167494
804 0.04311794126501669
805 0.043138964006314916
806 0.043451238811372084
807 0.04330481903519443
808 0.04315161788295764
809 0.04263320490845031
810 0.042775205187118095
811 0.04290466861157287
812 0.04251781837703222
813 0.04287085485082031
814 0.04339170894576014
815 0.04301094130927589
816 0.043670934621791384
817 0.04320682097010238
818 0.04248363667075544
819 0.043463322661384786
820 0.04263427726441276
821 0.043010936255341095
822 0.043175750853868884
823 0.0424571560803839
824 0.04241845249468556
825 0.04277673793428994
826 0.04293505809946882
827 0.04260791403975706
828 0.0426773404187615
829 0.042395833072351105
830 0.043433314875887113
831 0.04286241351464706
832 0.04342521225505925
833 0.04287444976231548
834 0.04289134930653987
835 0.04327901103136483
836 0.043508105869993006
837 0.042799658024422954
838 0.04312607866581593
839 0.04260015727335479
840 0.04225694046772177
841 0.04277719475278065
842 0.043069924510786554
843 0.042375286017566814
844 0.04336643829916321
845 0.042523252450362
846 0.04241987730379601
847 0.04253694206577926
848 0.04298830630556512
849 0.042212429688448794
850 0.04226468298774937
851 0.0426753083364752
852 0.04351864666789262
853 0.04318285172124975
854 0.04319668882891994
855 0.042812157727447384
856 0.042648628493929884
857 0.04309288474632612
858 0.04245192268322963
859 0.04319878497221364
860 0.04310568197035952
861 0.042747708813068
862 0.043106396291595676
863 0.042938876827167974
864 0.04298137340681952
865 0.04321750622789404
866 0.042228165117597825
867 0.04217162550945128
868 0.04267923170287455
869 0.04309345425802693
870 0.04285273638652453
871 0.0429911286134667
872 0.04231489756154119
873 0.04263197657343878
874 0.04293741653879958
875 0.042862908018327005
876 0.04281965359638575
877 0.043048065657959454
878 0.042775559509268396
879 0.04285958864481376
880 0.04265112583700301
881 0.04303959102303095
882 0.043337530809305226
883 0.04235352767764912
884 0.04244916057118784
885 0.042957986822612454
886 0.04271831074824919
887 0.042566623761232804
888 0.04258862950238351
889 0.04230220736013948
890 0.043028442271740366
891 0.042570121974108976
892 0.04255917362563642
893 0.041949246682658946
894 0.04211755320048373
895 0.04309998920549712
896 0.04248504135948399
897 0.042975532869989556
898 0.04257318238908927
899 0.04294066312293754
900 0.04253493203009151
901 0.04299389029322224
902 0.042545739402390585
903 0.042361684722043956
904 0.04221865736304086
905 0.04303667711494522
906 0.042894298681169236
907 0.042196521529158634
908 0.042639516122359465
909 0.04220420847497499
910 0.04280388234469264
911 0.042382038354161655
912 0.04218068930603335
913 0.04303911772680567
914 0.0430549854037603
915 0.04294483928143368
916 0.042054861733124116
917 0.042455152249275215
918 0.04288060989218157
919 0.04255278853527922
920 0.04229537495523183
921 0.042903692668157634
922 0.04270558582409047
923 0.0429045894523326
924 0.041906725246548246
925 0.04241520596776196
926 0.04256677149505746
927 0.04236612199414712
928 0.042830830814997084
929 0.0425150129982229
930 0.04274769457940762
931 0.0428940524178662
932 0.04255203589949592
933 0.0426062174942408
934 0.04275076246403997
935 0.04219037404366524
936 0.042509149734579255
937 0.042603369109307135
938 0.04257225561187739
939 0.04266649883227747
940 0.04268787790458561
941 0.04285294820678519
942 0.04195255786180496
943 0.04286884022526977
944 0.04289783978574105
945 0.04213937921227042
946 0.04259640921174259
947 0.04313749583507968
948 0.0424814985893387
949 0.043006538766286885
950 0.041871297252666424
951 0.04218703482312757
952 0.0427375794881033
953 0.04270579245055902
954 0.04249151933416979
955 0.04255625941240747
956 0.04306392774062148
957 0.04206919393568926
958 0.04211791573607271
959 0.0425750936537269
960 0.04236144936761148
961 0.042344330597045884
962 0.04309032830718027
963 0.042226344544071794
964 0.042495895501340614
965 0.042744838871036375
966 0.042780374650407973
967 0.04282495213526304
968 0.04257591953024319
969 0.042555788748042576
970 0.042400903217875915
971 0.04258231134646582
972 0.04289739783662578
973 0.0428994716663206
974 0.04264842536389421
975 0.0420960572964604
976 0.042186224381773135
977 0.04237740310767201
978 0.04264901087018613
979 0.042607934350853485
980 0.041888608721183426
981 0.04203519642149629
982 0.041943516842893776
983 0.04228759635201697
984 0.042882295446184306
985 0.0434480836176323
986 0.04268045006987381
987 0.04226144049761645
988 0.041888604487321075
989 0.04183836517785596
990 0.04187573337412531
991 0.04197362124436748
992 0.042476954275532386
993 0.04228177742314217
994 0.04244466366265414
995 0.04200924524827622
996 0.04227982205259312
997 0.0418636867897299
998 0.042279324783552626
999 0.042434449654085236
1000 0.0427242171578745
1001 0.04182998918047741
1002 0.04167919307820016
1003 0.04260495995447904
1004 0.0426831663595735
1005 0.041752942688381714
1006 0.04258134924892476
1007 0.04243125361565234
1008 0.04292379741782621
1009 0.0426576804662117
1010 0.04214505249246599
1011 0.043140190268895325
1012 0.0420491608628946
1013 0.042415690541572536
1014 0.04229853876291078
1015 0.042351817254472915
1016 0.04268327904006931
1017 0.0424211001017293
1018 0.042593372547077235
1019 0.042858843860111545
1020 0.042508001582309246
1021 0.04209202939307527
1022 0.0429651024131543
1023 0.04258310066300854
1024 0.042232327557362795
1025 0.041873743522390976
1026 0.0421086936082958
1027 0.04231789619773118
1028 0.042435437396372136
1029 0.04171330495753386
1030 0.04247678246717811
1031 0.04233562608119164
1032 0.041835686872131586
1033 0.04147789682620825
1034 0.04224157031409366
1035 0.04164860145198404
1036 0.042841994461091715
1037 0.042589235891915427
1038 0.04246424613425146
1039 0.04250212852865356
1040 0.04234069745364653
1041 0.04226287573245402
1042 0.04242443512019037
1043 0.04276246708458601
1044 0.04227315439960248
1045 0.042019726486031105
1046 0.042306502975854046
1047 0.042051830713608566
1048 0.04245325453808283
1049 0.0425813132038804
1050 0.04181940552266791
1051 0.041567911212761655
1052 0.042614471103754464
1053 0.04245896123146238
1054 0.042556224206507
1055 0.04254539577932488
1056 0.042531302789982676
1057 0.04225591967460849
1058 0.04176581282893342
1059 0.04217864301551528
1060 0.043099940865723343
1061 0.04233144430933145
1062 0.042207347718623715
1063 0.04251462327310046
1064 0.042700844082612634
1065 0.041728264521871006
1066 0.041969082836354143
1067 0.04322732843255224
1068 0.04286498984531738
1069 0.04239120839780305
1070 0.04169938415161782
1071 0.042616159346831946
1072 0.04217365710223697
1073 0.04211882412204767
1074 0.0419591984969052
1075 0.04243771469938877
1076 0.04235109478336959
1077 0.042027310700292475
1078 0.041914268241044605
1079 0.042235458797358814
1080 0.04215652594794186
1081 0.042476205123467656
1082 0.04191288369812656
1083 0.04201782616204979
1084 0.04173779034980735
1085 0.04258003816923998
1086 0.041859838437708574
1087 0.042102424860153184
1088 0.04191092820679165
1089 0.04236462057501383
1090 0.04248223876510667
1091 0.042518550447433065
1092 0.042866550627523724
1093 0.04201355510400831
1094 0.04300573924016017
1095 0.042098273806045076
1096 0.042640191061047154
1097 0.041553299791424345
1098 0.04230760005477549
1099 0.04194228789123862
1100 0.041975943549653776
1101 0.04189872737884928
1102 0.042304934081923436
1103 0.042632408497327426
1104 0.04211541953728671
1105 0.04276342929655578
1106 0.04212147555609612
1107 0.0429825517110552
1108 0.04269581505513842
1109 0.042303837759502916
1110 0.04219107718267335
1111 0.04219842309914148
1112 0.041551969869144945
1113 0.0421297479954901
1114 0.042434246721121234
1115 0.04146296865348116
1116 0.041893083653047225
1117 0.04215681243293725
1118 0.04256554586183496
1119 0.04237194093573622
1120 0.04225130512700146
1121 0.04245324533292865
1122 0.04292493009043431
1123 0.04245640080638306
1124 0.04275792180449279
1125 0.0414935183987886
1126 0.042304711111220486
1127 0.041788035406136674
1128 0.04200780473064644
1129 0.042469842531066705
1130 0.041871853484279464
1131 0.042180771052633945
1132 0.041917283081611675
1133 0.042273959354735886
1134 0.042740528385946365
1135 0.042613746604720074
1136 0.041997209553679915
1137 0.04247644484526265
1138 0.041499323227503195
1139 0.04228523748675711
1140 0.04160726512226025
1141 0.04261540218475736
1142 0.04219351284231342
1143 0.04216891832954851
1144 0.04200740851487316
1145 0.04244580048012449
1146 0.04171406260910905
1147 0.042585840633094514
1148 0.04252648414605307
1149 0.04187748606599639
1150 0.042669275959909166
1151 0.04177025884847592
1152 0.042481326869984536
1153 0.04200431971521508
1154 0.042904366570629765
1155 0.04212505809657606
1156 0.041787034358333405
1157 0.042671766850474344
1158 0.042001479391148476
1159 0.04169165632296544
1160 0.04187894684386538
1161 0.04211677808581562
1162 0.0424651211515425
1163 0.04205198765894455
1164 0.042266874056017034
1165 0.0420577958060918
1166 0.04256044920063466
1167 0.04254471102519654
1168 0.04240380373144516
1169 0.04236337812712778
1170 0.04219515422047609
1171 0.041656619484564957
1172 0.04178760540210753
1173 0.041989284621570706
1174 0.041854556204922774
1175 0.041811518758891386
1176 0.04236544258002535
1177 0.042112193264245174
1178 0.042537857476405726
1179 0.042049214046817183
1180 0.041228911620103864
1181 0.0421790279473461
1182 0.042222223330428986
1183 0.041635580424460944
1184 0.04245030691802705
1185 0.04182241262022546
1186 0.04214612923486241
1187 0.042041690174630074
1188 0.04202468287670165
1189 0.04173226145957517
1190 0.04246523835832959
1191 0.04218798094514897
1192 0.04192219648522932
1193 0.0423598985279888
1194 0.04217601949571546
1195 0.04216154773462144
1196 0.04242159690034064
1197 0.04195015178834416
1198 0.041955269771427835
1199 0.0423848944376048
1200 0.04249657217553044
1201 0.04253256156938882
1202 0.041964667788849754
1203 0.04178788387709307
1204 0.04163316944963696
1205 0.04223783343470951
1206 0.041754038801016254
1207 0.04185138940302585
1208 0.04236689459138356
1209 0.042768147402147384
1210 0.04223113915797183
1211 0.041984854685619424
1212 0.042495396274297714
1213 0.0417615825837993
1214 0.04261423392481975
1215 0.041726986194226524
1216 0.04231729440441921
1217 0.04256730882686153
1218 0.041860876102699764
1219 0.041989444510267454
1220 0.041666073908984864
1221 0.04187788895677788
1222 0.04235635285262565
1223 0.04241471169929659
1224 0.04152765634244009
1225 0.0420075458102564
1226 0.04176253466247088
1227 0.042140178668468475
1228 0.04236757008314336
1229 0.04183524343544306
1230 0.04218956676181469
1231 0.04145954595719792
1232 0.042610442990583364
1233 0.04240273215741224
1234 0.04159784638688426
1235 0.042122850773074115
1236 0.042168064595997944
1237 0.04195458663837291
1238 0.042164859911840116
1239 0.04202925538447123
1240 0.042097775697860704
1241 0.04201335905583849
1242 0.04291424439399926
1243 0.042781785073286435
1244 0.04175556148481857
1245 0.042345572250288094
1246 0.04171561494266214
1247 0.0417940195637148
1248 0.04199645721032554
1249 0.04234853046771406
1250 0.04221858021901736
1251 0.042177674153965894
1252 0.04181238846160446
1253 0.04180038223875871
1254 0.041731548269911836
1255 0.042269019238371085
1256 0.042115049640117246
1257 0.04183761440471781
1258 0.0419120542870345
1259 0.04150609146968903
1260 0.042380692507219805
1261 0.04222879972016445
1262 0.041545093320182976
1263 0.04211022657796792
1264 0.041651074873099145
1265 0.04218651255141346
1266 0.04177407458831426
1267 0.04181096595378256
1268 0.04216334958633872
1269 0.042147065776657736
1270 0.04229180455055253
1271 0.04167900024039143
1272 0.04157090295144315
1273 0.04205130120745698
1274 0.04214329460044566
1275 0.04193948190849999
1276 0.04199274833419014
1277 0.042042810806794784
1278 0.04165681656895034
1279 0.042169925130573147
1280 0.04165357935525248
1281 0.041470360341434184
1282 0.04226751184351615
1283 0.04180742138456363
1284 0.0424889078103133
1285 0.04251910461932929
1286 0.04228706665515086
1287 0.04166443620525529
1288 0.04179789722220076
1289 0.04168152161349412
1290 0.04258428324560663
1291 0.042211109676967305
1292 0.0424357455656085
1293 0.04215168347105435
1294 0.04222149337060215
1295 0.04182813405583743
1296 0.04203799180686474
1297 0.041902798027715585
1298 0.041709836375337005
1299 0.04203383514574974
1300 0.04214040352724518
1301 0.04208849172136483
1302 0.0426824988333235
1303 0.04197321246686445
1304 0.04139205065806978
1305 0.041585427279816144
1306 0.04157745837529568
1307 0.04196550569945228
1308 0.041925356059045925
1309 0.04181569222831279
1310 0.041741040061663445
1311 0.04210739069119249
1312 0.04145610624917945
1313 0.042059599908240416
1314 0.041987465173260345
1315 0.04184561163034455
1316 0.04193127160389676
1317 0.041876570807941535
1318 0.04227545544021976
1319 0.04237178095803936
1320 0.041905757726357656
1321 0.042283381344973024
1322 0.04263505318008185
1323 0.04183295212126632
1324 0.04160065282098059
1325 0.04168044487745485
1326 0.04190926218831295
1327 0.04240876768076786
1328 0.04205714770093713
1329 0.041742952305302276
1330 0.04160884697206395
1331 0.04171880009765307
1332 0.04228094180747104
1333 0.0419656797709522
1334 0.041824347323677645
1335 0.0417321747480399
1336 0.041392254182248796
1337 0.04205209278714535
1338 0.041979730014813234
1339 0.04226544264182703
1340 0.04171954331213907
1341 0.04161231117418398
1342 0.04169951660920939
1343 0.04165623338301841
1344 0.04184718000934596
1345 0.04174490218327314
1346 0.04139554014257807
1347 0.042255870756334
1348 0.04201624238602944
1349 0.04225724946338772
1350 0.04155650623015576
1351 0.04160063508453019
1352 0.04239178942866089
1353 0.041596966023229494
1354 0.042139807302797205
1355 0.04195365147607929
1356 0.041236731061654694
1357 0.0412541481733017
1358 0.041685212409892994
1359 0.04181735902872102
1360 0.04193373381735522
1361 0.04198649717628346
1362 0.04238203329386971
1363 0.041480263536192045
1364 0.04172674270264118
1365 0.04162360027229013
1366 0.04190195745346693
1367 0.04232920871558043
1368 0.041583354556265544
1369 0.042244505149919426
1370 0.041620699180220176
1371 0.04172389164770422
1372 0.04198072140610462
1373 0.04192213560915441
1374 0.04161468295081687
1375 0.042284456981225224
1376 0.041907868624598096
1377 0.041734815146074765
1378 0.041467353765163
1379 0.04187651185808328
1380 0.04220711254219146
1381 0.04134714553838297
1382 0.04186847273883356
1383 0.04184342235479339
1384 0.04191274166666607
1385 0.041895132467354115
1386 0.041785754848258895
1387 0.04123953998775409
1388 0.04186529778706946
1389 0.041773448593329654
1390 0.04190986368283884
1391 0.042047379443059606
1392 0.04161515633604226
1393 0.04168647807409332
1394 0.04143795889163383
1395 0.041750182248270554
1396 0.04168881162517917
1397 0.0418771935862079
1398 0.0419092280885567
1399 0.04197348274112561
1400 0.042565621384785035
1401 0.04122164603259173
1402 0.04227529913695599
1403 0.041434071404992924
1404 0.041908399090679435
1405 0.04190239568364905
1406 0.041225288997788885
1407 0.041463263116700656
1408 0.04158355180593684
1409 0.04162981878622807
1410 0.042071486972653824
1411 0.04184965801396671
1412 0.04185332259983333
1413 0.041656873077662734
1414 0.04170535844289809
1415 0.04197203794513343
1416 0.042237800263097265
1417 0.04196963951296774
1418 0.04222215391670071
1419 0.04222379156321592
1420 0.04146014370736205
1421 0.04134634749347236
1422 0.04231421235605515
1423 0.040792443602005776
1424 0.041240234379322865
1425 0.041817399733556825
1426 0.0420138990894316
1427 0.041407648378620786
1428 0.04216701279270364
1429 0.041711962753239344
1430 0.04190873408073451
1431 0.04223606713853598
1432 0.04160913619063413
1433 0.041656306242322354
1434 0.041740780295772356
1435 0.04133404966812492
1436 0.04165588859023698
1437 0.04143796166335153
1438 0.04167746964193652
1439 0.04113293975057659
1440 0.041568098704206656
1441 0.04180675938903472
1442 0.04085939924261269
1443 0.04147179193362441
1444 0.041828315304560465
1445 0.04200461707729528
1446 0.04208737500520493
1447 0.04174959678012153
1448 0.042201240092465085
1449 0.04108940918036695
1450 0.04199174677145766
1451 0.04198081815558082
1452 0.042384009795587624
1453 0.04210841681795519
1454 0.04179922559333539
1455 0.041739112738863195
1456 0.04106615056560308
1457 0.041425940437630177
1458 0.041698437451095714
1459 0.04174236389379249
1460 0.0413311306806758
1461 0.04133507942482066
1462 0.04132921897739477
1463 0.04154684771577043
1464 0.04168503154895615
1465 0.04231752451420237
1466 0.04222902287522477
1467 0.04155302457765711
1468 0.040908984248701215
1469 0.04137369907705857
1470 0.042126581034664407
1471 0.04204080521475537
1472 0.04223656335864661
1473 0.041636073930068226
1474 0.0418632754566523
1475 0.04111864213091115
1476 0.041039061557768555
1477 0.04195074233585657
1478 0.04152600125190341
1479 0.041912492822359856
1480 0.04182393545024224
1481 0.041874896474309746
1482 0.041262534310335594
1483 0.041553408047343275
1484 0.041674934384816745
1485 0.041881616058864285
1486 0.04168597623426149
1487 0.041449741908562064
1488 0.042759403154101386
1489 0.042516690567644386
1490 0.041963708558383654
1491 0.04113682632814495
1492 0.04133662900572751
1493 0.041364418673281375
1494 0.041358620939146946
1495 0.04162051955257056
1496 0.0415601457688487
1497 0.04186279366727372
1498 0.041358188354114624
1499 0.0423146026978212
1500 0.04144913841153371
1501 0.04134079556492612
1502 0.04178762529998916
1503 0.041482033856441954
1504 0.042060628603292
1505 0.041437339349157165
1506 0.041947700750756586
1507 0.04181984797399809
1508 0.04118821434295218
1509 0.041872235936821524
1510 0.04229868899509565
1511 0.04140078582810461
1512 0.04163014752720403
1513 0.042084787835592705
1514 0.04157746679216318
1515 0.041696014651971466
1516 0.04168077492800386
1517 0.04182312530131674
1518 0.04094229309911818
1519 0.04203528521817699
1520 0.041947231472250546
1521 0.041584206992957375
1522 0.04201602892562391
1523 0.041866325948120384
1524 0.041498964061204076
1525 0.04188180253952233
1526 0.04143704526736671
1527 0.04107902919295094
1528 0.04170271588343199
1529 0.04153970480219496
1530 0.04124482061853791
1531 0.04208433727889541
1532 0.041678797669785016
1533 0.041264459071204115
1534 0.041550658433459724
1535 0.04170452395244263
1536 0.04207585560024395
1537 0.041773467893639116
1538 0.04196428221494671
1539 0.04121550756789515
1540 0.04171452991054123
1541 0.04122141565580824
1542 0.041246039220751755
1543 0.04184043460840251
1544 0.04171503523409163
1545 0.04203906018960801
1546 0.0417185978830471
1547 0.04136749125584807
1548 0.04151068339855394
1549 0.04156921109750409
1550 0.041572763117303624
1551 0.0412497044486906
1552 0.04186221797006529
1553 0.04188014044976275
1554 0.04170774250790324
1555 0.04212270209203401
1556 0.04126407468608825
1557 0.04186866235356689
1558 0.04174143398250533
1559 0.04173852130134968
1560 0.04195454545675081
1561 0.041507678621356396
1562 0.04155769054825599
1563 0.04117428791095779
1564 0.04163934137837472
1565 0.04177099479038154
1566 0.041587486138421115
1567 0.04168447637898727
1568 0.04190275442401907
1569 0.04130226390836792
1570 0.04187949703618528
1571 0.04153300861831208
1572 0.041664935457726794
1573 0.04133272070577527
1574 0.041413706488932764
1575 0.041929423008050526
1576 0.04170878398082769
1577 0.04092207727731292
1578 0.041569767201974125
1579 0.040856729646184746
1580 0.04110518555592351
1581 0.0407538368992838
1582 0.041721195535600795
1583 0.0420357172247086
1584 0.0417127630612956
1585 0.041217928313659724
1586 0.04094687732311646
1587 0.04173257230517197
1588 0.04176319216985141
1589 0.04154689880819044
1590 0.041322437245335186
1591 0.04171417678353526
1592 0.041783945876532856
1593 0.04116211826483951
1594 0.041764423975867215
1595 0.04115941557944228
1596 0.04162115978121554
1597 0.04157202083731878
1598 0.04116524844954852
1599 0.041825089559162434
1600 0.041460819764908265
1601 0.041273850330974866
1602 0.041460244894129424
1603 0.04114808848464652
1604 0.04131080795066756
1605 0.04169858443477658
1606 0.04105049420033705
1607 0.041563259501251754
1608 0.04121648862881669
1609 0.04191911489458011
1610 0.04141240605747537
1611 0.04145957899531
1612 0.041303161989401635
1613 0.041577762425098405
1614 0.04175950477452815
1615 0.04143763978174115
1616 0.041057579759699085
1617 0.041421188499282655
1618 0.04118563310456154
1619 0.04145491106035156
1620 0.041498146448983676
1621 0.04184694517619984
1622 0.04107208021061412
1623 0.04202752236798151
1624 0.04199000476595688
1625 0.04113125118328443
1626 0.04095825306918637
1627 0.04136117200650046
1628 0.040826788343768884
1629 0.04159081518116054
1630 0.04177896326261576
1631 0.04163222808276427
1632 0.0409120814652268
1633 0.041261090175487077
1634 0.04129714494628304
1635 0.04187809037674002
1636 0.04148777019321512
1637 0.04151651659923202
1638 0.04145258417791677
1639 0.041437770497473436
1640 0.04213871240437844
1641 0.04207627753704888
1642 0.041158457327977384
1643 0.04101208981393547
1644 0.04106891530950525
1645 0.04169363924540554
1646 0.041676006728064895
1647 0.04154068808811923
1648 0.041035991937634075
1649 0.041153744810321226
1650 0.04085860246277506
1651 0.04145007658711676
1652 0.04090553806910336
1653 0.04160521226480552
1654 0.04190780120065798
1655 0.04152766721316775
1656 0.041927540763805754
1657 0.0420305467315603
1658 0.04121288866338673
1659 0.04127882399402381
1660 0.04168591471611436
1661 0.04087125294469933
1662 0.04148958032194258
1663 0.04131527018730144
1664 0.04118444330024028
1665 0.04141554793298448
1666 0.04205938478861856
1667 0.04153572986023214
1668 0.04187716724217548
1669 0.04130671983870833
1670 0.04199674243024795
1671 0.04125288468960406
1672 0.041351850179529435
1673 0.04119334901991354
1674 0.04134956763822064
1675 0.041111189204525625
1676 0.04109379822076791
1677 0.04124223524164218
1678 0.041637540423015686
1679 0.041856919882545696
1680 0.041363553554073944
1681 0.04146429488861317
1682 0.04143532288003293
1683 0.04220140736181378
1684 0.041655053266994785
1685 0.04191034846007824
1686 0.04169330968435714
1687 0.04158150323320167
1688 0.041376711044193534
1689 0.04111432058437896
1690 0.04143323685732311
1691 0.0418603337678181
1692 0.04092550429645862
1693 0.041257709124897936
1694 0.040585267055563555
1695 0.04161605279600254
1696 0.04163691836310735
1697 0.041921024970430563
1698 0.041393785244775716
1699 0.04161682553309629
1700 0.04130993068294517
1701 0.04107784455699318
1702 0.04215639416420826
1703 0.04133011656892788
1704 0.0416375087771196
1705 0.04134050236042246
1706 0.041181264400685605
1707 0.041303057852916346
1708 0.041547406439386536
1709 0.04088083965506773
1710 0.04090179017913423
1711 0.0416054359411522
1712 0.041405970217984284
1713 0.04141098919480327
1714 0.040940244062311004
1715 0.042069482601187334
1716 0.041657795220511766
1717 0.04111315518515916
1718 0.04084509451565279
1719 0.04202180604987584
1720 0.042251214658390136
1721 0.041435275856189356
1722 0.04101394510386137
1723 0.041554558888688024
1724 0.04120625821879903
1725 0.04152939190179008
1726 0.04221148661150257
1727 0.04130398163591025
1728 0.04155155919085387
1729 0.04182390655063525
1730 0.04106369620958286
1731 0.04137795555815355
1732 0.0415437510078169
1733 0.04217871663132015
1734 0.04099740447800721
1735 0.04158393417583594
1736 0.041333211090021575
1737 0.041258899030933605
1738 0.041535961438517115
1739 0.04115902623574888
1740 0.0410452328698627
1741 0.04122968731962984
1742 0.04184441510015787
1743 0.042184879526546794
1744 0.04122551885964317
1745 0.041493644626372506
1746 0.04129881307533577
1747 0.04110965253499181
1748 0.041232489437220854
1749 0.0413073814782368
1750 0.04170213500514575
1751 0.04166723771255985
1752 0.041516789066710164
1753 0.0411526759825774
1754 0.0409750145233837
1755 0.04182817519295948
1756 0.04130135617717948
1757 0.04164401777470071
1758 0.04097618063460438
1759 0.04140593408393982
1760 0.04154083721415988
1761 0.041048116244553706
1762 0.041356778999237474
1763 0.041822900989254994
1764 0.04102126920894551
1765 0.04127879530420279
1766 0.04138647775728344
1767 0.041177935402446235
1768 0.04077247429143243
1769 0.04076667786687104
1770 0.04121251063542154
1771 0.041460390498308596
1772 0.041144262605152845
1773 0.041571583706923716
1774 0.04125558937750375
1775 0.04138672581966013
1776 0.04123227284274004
1777 0.04116237048479274
1778 0.041558739942190184
1779 0.04114431704779127
1780 0.041074204077441945
1781 0.04142966247306749
1782 0.04135789482539628
1783 0.04133535225465639
1784 0.04140017431470925
1785 0.0421506419981299
1786 0.04106988266440992
1787 0.04075849892209211
1788 0.04117390076683853
1789 0.04093666736405254
1790 0.041172102653125854
1791 0.04064050445860767
1792 0.041499630061737916
1793 0.04088161838695458
1794 0.041304835700032655
1795 0.04091474897650932
1796 0.0415626289227615
1797 0.04173913260495907
1798 0.04120473189234937
1799 0.04153040092781746
1800 0.0419103541370138
1801 0.04112320620274178
1802 0.042185891801078165
1803 0.041441208361918204
1804 0.04145618509056218
1805 0.04151746467289868
1806 0.041352354371507014
1807 0.04127634481333018
1808 0.041308948890951304
1809 0.04158833888661333
1810 0.041063807402505405
1811 0.04234447030178923
1812 0.0417644967652425
1813 0.04121121415175472
1814 0.04100826020279435
1815 0.04207256228469134
1816 0.04137357561483521
1817 0.04085621027968849
1818 0.04141464760787658
1819 0.04093217201302076
1820 0.041157695677754416
1821 0.04108090123396888
1822 0.04113833503893007
1823 0.041303296818210405
1824 0.04141808684546589
1825 0.041300396806856064
1826 0.04122889240879451
1827 0.04101118449210714
1828 0.041720634675982055
1829 0.04131484779913881
1830 0.04084712769772616
1831 0.04143697565656677
1832 0.041017408803766496
1833 0.04107064645063552
1834 0.04116698618940119
1835 0.041058250235667004
1836 0.04183317414475382
1837 0.04173634822381845
1838 0.04120775396099676
1839 0.04214509008229796
1840 0.04135634195148538
1841 0.041235020479549724
1842 0.04169370847477644
1843 0.04106150126345329
1844 0.041087409570406325
1845 0.04108801631593867
1846 0.042087647669754744
1847 0.04199411294108365
1848 0.04111632554070331
1849 0.041521510694163245
1850 0.040087980984268336
1851 0.04145338030932503
1852 0.04140109922927598
1853 0.041239272580567886
1854 0.041163887072087554
1855 0.04088683773480584
1856 0.03999942134900508
1857 0.040962334061136835
1858 0.04085955290130178
1859 0.04166310101925513
1860 0.04157588282542831
1861 0.04185436158711186
1862 0.041148929325895506
1863 0.04122680550879789
1864 0.0412027782000881
1865 0.04088736591867009
1866 0.04186447784813191
1867 0.04144546481758458
1868 0.04105722691876489
1869 0.04163317018706644
1870 0.04117903601594346
1871 0.041475585175506494
1872 0.04128850566115192
1873 0.041051342237880616
1874 0.041064277755369916
1875 0.04138071861105364
1876 0.041794401609399214
1877 0.041420250539842725
1878 0.0411531144352598
1879 0.04114004561467789
1880 0.04105618020119114
1881 0.04058515054806304
1882 0.041355031094300866
1883 0.041038350376964836
1884 0.0411663837285884
1885 0.04087665894485171
1886 0.040821384435119075
1887 0.04165759232569066
1888 0.04164669279377819
1889 0.0414993831500055
1890 0.040816683551048664
1891 0.0409979171885667
1892 0.04088962481137835
1893 0.041513260307724974
1894 0.04119766673944102
1895 0.040897923760090674
1896 0.04129380001702406
1897 0.04098713570894235
1898 0.04139355788763879
1899 0.041643558159063704
1900 0.04132984750252535
1901 0.04151035791879628
1902 0.04151995404410484
1903 0.04181286114118612
1904 0.04105316724869782
1905 0.04107860110242416
1906 0.04188454865061586
1907 0.04113333704706548
1908 0.04126631988549395
1909 0.041647038724489584
1910 0.041462239450155265
1911 0.040719873694633056
1912 0.04121538305038478
1913 0.04103304289357654
1914 0.04068851475397271
1915 0.04120690994117244
1916 0.041191692200231875
1917 0.04109006858853553
1918 0.04110544674581635
1919 0.0410824024178876
1920 0.040927154307631906
1921 0.04115376929170849
1922 0.04115260346655959
1923 0.04127460198775697
1924 0.04108906417779955
1925 0.041439198516944976
1926 0.04145076335646187
1927 0.041092566230394735
1928 0.04163910271186674
1929 0.04128549381480282
1930 0.04092139214175553
1931 0.04134730877094098
1932 0.041557480736854946
1933 0.041014625217269715
1934 0.04099820983999825
1935 0.041086080760628294
1936 0.04093589160731221
1937 0.04166393161913437
1938 0.0415497695957231
1939 0.041512338667090844
1940 0.041216390868553526
1941 0.04186418271105444
1942 0.041671276543887
1943 0.0412435470905422
1944 0.0412948021391858
1945 0.040722289825106235
1946 0.04095286980856197
1947 0.042113087893346064
1948 0.04175610080005366
1949 0.041311046350175205
1950 0.040947699741342776
1951 0.04089115849305135
1952 0.04172068779633314
1953 0.041032348196864535
1954 0.04149486041872574
1955 0.041268088235027145
1956 0.04096295791376166
1957 0.041111011528521264
1958 0.04088328602014955
1959 0.041390302861204736
1960 0.04176290497921229
1961 0.041748621644064426
1962 0.040664160757646624
1963 0.04090372489530072
1964 0.041403672406799555
1965 0.04152910763544027
1966 0.04098655755151661
1967 0.041416998908127126
1968 0.040743566668074285
1969 0.04135315256263209
1970 0.04132959699900281
1971 0.041190353632227554
1972 0.04106518765434674
1973 0.04133302898944034
1974 0.04085417871233139
1975 0.04066511982918396
1976 0.04112749031201361
1977 0.04102369509764499
1978 0.04072744000080095
1979 0.04119301686514767
1980 0.041351383113311824
1981 0.041121984561809904
1982 0.04120401374410851
1983 0.04131936492976882
1984 0.040654128792444594
1985 0.04083171016425403
1986 0.04090116108186009
1987 0.04118170130222324
1988 0.041252885973748495
1989 0.040962398541716176
1990 0.04143052361905575
1991 0.04095132905138027
1992 0.04156785514904981
1993 0.04097988221273081
1994 0.04178767255269016
1995 0.041255990208568426
1996 0.041295060760789766
1997 0.0420918838397533
1998 0.041172940563728375
1999 0.041176947882659604
2000 0.041558788561678585
2001 0.04111596177818425
2002 0.04099800428153102
2003 0.0412402192683757
2004 0.04076357524676738
2005 0.04114830743127309
2006 0.04094080621243133
2007 0.040677893550831304
2008 0.04061823846206527
2009 0.04118444498488521
2010 0.04102195303492986
2011 0.04146334884923473
2012 0.04078082590278098
2013 0.041474471326421555
2014 0.04080731821573839
2015 0.041262871563536314
2016 0.04136324612226706
2017 0.04131413615426309
2018 0.04125962398768285
2019 0.04078708888498793
2020 0.04163291513818116
2021 0.041152812820245785
2022 0.0416882476759852
2023 0.041009833006372634
2024 0.041127854042746916
2025 0.04061014125752978
2026 0.04158820237951678
2027 0.041078237034761864
2028 0.04154021758268311
2029 0.0416197920593182
2030 0.04069194149340379
2031 0.04055875071893373
2032 0.041691599966824665
2033 0.040844705483459774
2034 0.04090273369472385
2035 0.04056332096355767
2036 0.04149111013211081
2037 0.04095573863173507
2038 0.0405085860805605
2039 0.040902476865836375
2040 0.04100719756691529
2041 0.04095603774203172
2042 0.04104078982546671
2043 0.041266456424376256
2044 0.04064791968708966
2045 0.04127429015680181
2046 0.04119742406157097
2047 0.041358596336973814
2048 0.040980973710073955
2049 0.04145389760339016
2050 0.04116360463023999
2051 0.041679864448336205
2052 0.04128953792359226
2053 0.04202962756474934
2054 0.04155881369554597
2055 0.041434441068459574
2056 0.04169182680978826
2057 0.042451035151848705
2058 0.041098093029066196
2059 0.041295510341935765
2060 0.04171524276366321
2061 0.04176863168207247
2062 0.041176363507785446
2063 0.0419539028562878
2064 0.041586877846318045
2065 0.041461670220397956
2066 0.040794546891957884
2067 0.040996193454214715
2068 0.041551482744469515
2069 0.041988037833262506
2070 0.041673277856827506
2071 0.04144703268028069
2072 0.041834428508925
2073 0.041252886405123805
2074 0.04148337521544862
2075 0.04135955058651545
2076 0.04182668628239232
2077 0.04093035065750705
2078 0.04143598262879362
2079 0.04160504708089298
2080 0.041161072497233386
2081 0.04135969591258866
2082 0.041177640351035244
2083 0.041331037737020265
2084 0.041094061521040955
2085 0.04080746714139312
2086 0.041605670805793346
2087 0.04064527084119618
2088 0.04115986951808559
2089 0.04105371937564597
2090 0.04135409280907635
2091 0.04141971580797761
2092 0.04173772613427079
2093 0.04142276841647378
2094 0.041592295366770976
2095 0.04099901494138488
2096 0.040868191247260786
2097 0.040753009484899114
2098 0.04157830188164442
2099 0.04096411626854139
2100 0.04170815833480802
2101 0.04133866945985795
2102 0.04171745702851473
2103 0.04149731427499252
2104 0.041473412312703524
2105 0.04167773097003924
2106 0.041487234093748576
2107 0.04190270599863696
2108 0.04117442348903817
2109 0.04151422850128899
2110 0.0411654257033838
2111 0.04144718868816953
2112 0.04145424652890098
2113 0.04106154811295976
2114 0.04139680506252661
2115 0.04115252351819924
2116 0.04143336613480819
2117 0.04125003829007832
2118 0.041636785037997295
2119 0.04198757117818587
2120 0.04132932255885041
2121 0.04134164334320259
2122 0.04190406493456444
2123 0.04101239824553997
2124 0.04102221514643511
2125 0.041397306108392956
