x y
1 5.451373493305246
2 4.9053292673195585
3 4.76533527504462
4 4.70887816481216
5 4.648335810000579
6 4.664382702661456
7 4.664455800333121
8 4.600182067005301
9 4.666646523687213
10 4.653587378739497
11 4.655233380737565
12 4.560460188283042
13 4.603886644994846
14 4.57433615691019
15 4.634443909641826
16 4.509983793460468
17 4.583777260861706
18 4.539879426207559
19 4.577623093087519
20 4.584242220217864
21 4.500925737843172
22 4.504572784534494
23 4.5470814086471405
24 4.523027028646892
25 4.485675116854723
26 4.517594295150184
27 4.586448865538978
28 4.546561596743483
29 4.549916815839123
30 4.532666377240074
31 4.564605182348258
32 4.5287532122875644
33 4.551201049785158
34 4.434063546893539
35 4.567440888173751
36 4.530916612709748
37 4.472562455480009
38 4.473583934250138
39 4.55603500926047
40 4.508426479918965
41 4.515156963172626
42 4.530921694361716
43 4.483451425825777
44 4.503470708892614
45 4.470250281050751
46 4.493118754019102
47 4.460142338235224
48 4.466175768562551
49 4.504255009999454
50 4.4365015176375975
51 4.465503509541014
52 4.423498047903536
53 4.512924052749478
54 4.496671089133305
55 4.445161790977973
56 4.498122257584191
57 4.456467711477964
58 4.462735508082263
59 4.412040616871961
60 4.475799897425004
61 4.439511615668548
62 4.493523538316069
63 4.443593467868635
64 4.475441553486899
65 4.38248110142991
66 4.471010220335612
67 4.48179173550915
68 4.473896158433204
69 4.4277555649597895
70 4.467258216577992
71 4.397092071409518
72 4.455559115361028
73 4.436477696936285
74 4.435274856489266
75 4.434699187913446
76 4.4479275555334
77 4.434100630340316
78 4.399071666567806
79 4.380949747033494
80 4.377056017670615
81 4.342546634706621
82 4.4091535200438
83 4.452570046174241
84 4.334725085378913
85 4.469241402661841
86 4.409369288857887
87 4.368762007345518
88 4.3834718632616685
89 4.384627425223081
90 4.313877436081297
91 4.358336732656069
92 4.384498588867968
93 4.354952422425201
94 4.3617560082328195
95 4.384692388996736
96 4.336906953069537
97 4.375062104378137
98 4.35694676210449
99 4.371232721179012
100 4.371362251633263
101 4.355044400732671
102 4.363459998023388
103 4.294891435538543
104 4.330569023158363
105 4.339895491713957
106 4.3376986126037185
107 4.341345739852853
108 4.3115625755778755
109 4.297529109102061
110 4.348917232845424
111 4.365188926560073
112 4.3272104873592125
113 4.327185047364479
114 4.29356148381282
115 4.2867380702048035
116 4.313214254053786
117 4.3059626520697165
118 4.263356866283221
119 4.249220967699643
120 4.301575457276745
121 4.335720872716285
122 4.3213257407165635
123 4.279431181962987
124 4.2460734543133105
125 4.281626354712269
126 4.315061233963169
127 4.2003515678054235
128 4.28242684549846
129 4.319138896343245
130 4.292096841050497
131 4.329272528964098
132 4.296398079029123
133 4.2114052560956
134 4.185705935995733
135 4.283104022615192
136 4.224929270890793
137 4.308215379714966
138 4.343250749054215
139 4.2748392677958105
140 4.219213191152839
141 4.1955065849291175
142 4.220126019402983
143 4.269275596117404
144 4.2554942422352555
145 4.230887505788445
146 4.190320827855185
147 4.271163589718399
148 4.195964768478081
149 4.242345074337904
150 4.204644142157389
151 4.231581907630374
152 4.276818286843675
153 4.208263523342667
154 4.159514663162492
155 4.2605311170779805
156 4.2166809653259385
157 4.2009232231374485
158 4.191273408538246
159 4.253761557588805
160 4.268937917292728
161 4.235164091448735
162 4.231953700654743
163 4.172651473979494
164 4.209858011467058
165 4.25430747185144
166 4.234742761065122
167 4.185899604302624
168 4.181148330506204
169 4.2132296358766
170 4.200403256627887
171 4.147094309940273
172 4.169400759524453
173 4.1887080059116615
174 4.161426708559941
175 4.1991913245399655
176 4.175240227793671
177 4.193053615784889
178 4.176141198584651
179 4.170128319450613
180 4.196463251276635
181 4.204282575906747
182 4.131467719126887
183 4.18339645577779
184 4.118271064432815
185 4.24665270405011
186 4.127592871213529
187 4.180469023896566
188 4.1643347447235834
189 4.191452329069274
190 4.134160054828526
191 4.176689300113978
192 4.174027508029352
193 4.141402981793921
194 4.127136811461465
195 4.146405708260911
196 4.1767505826396745
197 4.131700933996727
198 4.1830116750437245
199 4.100515922995558
200 4.180195383651265
201 4.143874287198428
202 4.18078505545346
203 4.193883883668295
204 4.157305325257493
205 4.127343992324413
206 4.112903068496912
207 4.127010029737453
208 4.140138677362696
209 4.143604317622787
210 4.14051873447952
211 4.156099207979014
212 4.087169058086929
213 4.1759595757051535
214 4.107649893484018
215 4.1403943776270635
216 4.153963801803849
217 4.099459327528501
218 4.0588125303743645
219 4.1106025074122305
220 4.134376733376304
221 4.031897936257893
222 4.1863907425069975
223 4.070933875777209
224 4.100982466655379
225 4.078142459888914
226 4.135193404077263
227 4.147166436035885
228 4.112728989571841
229 4.078859559505059
230 4.102620014965331
231 4.061613621565262
232 4.121111953624686
233 4.100196513706507
234 4.119282623199879
235 4.101009418533117
236 4.091827039425691
237 4.12071536344066
238 4.094976082596762
239 4.107779940647477
240 4.119092342389728
241 4.089454412460327
242 4.148271563110091
243 4.0933579397689765
244 4.144498082151185
245 4.08011907522182
246 4.0921916131680325
247 4.08090408263353
248 4.0889501726261175
249 4.131676184032558
250 4.099171409834774
251 4.127500964513004
252 4.105376009241306
253 4.070207376122068
254 4.096794822517109
255 4.059424889372477
256 4.121936054359931
257 4.1279820183438245
258 4.114691598423512
259 4.113754728141498
260 4.0639881518106815
261 4.118090178779368
262 4.099843782776452
263 4.11616718158787
264 4.081551059521099
265 4.125046221469449
266 4.0548857072107625
267 4.12752788384213
268 4.079272345878159
269 4.09446885642745
270 4.040492102554634
271 4.087686757585701
272 4.036528785887839
273 4.087961886116262
274 4.058253585275123
275 4.07054600862106
276 4.046903986165955
277 4.052538503965827
278 4.122095484782404
279 4.050840818027588
280 4.091654612342652
281 4.074325357280901
282 4.052798568185279
283 4.037571024976086
284 4.056514681402733
285 4.051906546635026
286 4.048304882472692
287 4.054059494884347
288 4.114881052498931
289 4.097008389417629
290 4.022183444312815
291 4.076538304826912
292 4.042353298070081
293 4.041092984912338
294 4.085441154831505
295 4.007981118895495
296 3.987208900191271
297 4.026968142278365
298 4.064756041093898
299 4.05016575331574
300 4.06839821200322
301 4.064894608670127
302 4.063584631213556
303 4.065270195235165
304 4.079304927038251
305 4.079126365355664
306 4.043533469222918
307 3.985590636933623
308 4.030690608984782
309 4.059026485417077
310 4.0519097835944375
311 4.019454767272741
312 4.0240194610361355
313 4.031025660322794
314 4.0770412687555515
315 4.010216440357039
316 4.052454649791783
317 4.02290704958268
318 4.06095139972179
319 4.019582677619856
320 4.044187505904318
321 4.027177002649665
322 4.015419932355653
323 4.062424005501913
324 4.039388209886519
325 4.085501461712574
326 4.01780088932441
327 3.9880060775288135
328 3.996252505852501
329 4.089194480876467
330 4.080717738577937
331 4.032571285657915
332 3.990030509213132
333 4.082164163882415
334 4.038552185781173
335 4.0508759924983
336 3.9742170649583834
337 4.017394202561102
338 4.050971193932022
339 4.012023397680029
340 4.048745405958781
341 3.9926454923258707
342 4.012736378269391
343 4.062648445266099
344 4.02166382525968
345 4.028905782276453
346 4.015721562779397
347 4.035631643627284
348 4.035500678592982
349 4.027168654744536
350 4.020722417701227
351 4.020848491492939
352 4.07088618148309
353 3.997660468462791
354 4.072594287859295
355 4.053834239777444
356 3.976419151032744
357 4.058224822067157
358 4.012682056264259
359 3.9523475894342104
360 3.970257514979652
361 3.9902238910922416
362 4.083097107988169
363 3.985534191945307
364 4.015711103283098
365 4.042661111916291
366 4.04035593381107
367 4.033954207807677
368 3.98731684928868
369 4.021168480147274
370 3.9999104555149536
371 4.01387719245494
372 3.9812710309598227
373 4.012886702404088
374 4.005858233357452
375 3.9773648574490594
376 4.03137061132099
377 3.968886876675863
378 4.021695058907258
379 4.052509250087542
380 4.024521871638379
381 4.023349586200388
382 3.98361147955416
383 4.005072156723855
384 4.009566019012659
385 4.010052510089028
386 3.965071421841306
387 4.029438594095536
388 4.001901493137607
389 3.989357974342112
390 4.00475811958313
391 3.9269474944156997
392 4.020620637379409
393 3.9970851270005157
394 3.957553405403684
395 4.0040981509172875
396 4.030930253019105
397 3.98066828356668
398 4.041920185089111
399 4.004585549286201
400 3.9564147426813534
401 4.029777506512587
402 4.029990362225946
403 3.981545622438294
404 3.9704988311988907
405 3.9654110755529826
406 3.997021906205005
407 3.9856337158346338
408 3.978857206403192
409 4.009130060469332
410 3.9796749935215243
411 4.015712939838501
412 3.975658315847351
413 3.9558497524912446
414 4.018040532545018
415 3.993941553623603
416 3.98545113765339
417 3.9814868363910976
418 3.973082212051027
419 3.9921400449381754
420 3.9977385786206243
421 3.9540322591827186
422 3.946224189048741
423 3.9749145353206594
424 3.9845507559922777
425 3.969752733211062
426 3.9828952978088585
427 3.9732278272153576
428 3.978626204838932
429 3.9397098887902477
430 4.015389860693505
431 3.9703236252781475
432 4.009479010878162
433 4.033588861035812
434 4.001015284769364
435 3.997423352641864
436 3.959066797035139
437 3.9351002868938774
438 3.976340140092088
439 3.9967767362301667
440 4.01479483138986
441 3.927402258733027
442 3.973368895338664
443 4.014114046259545
444 3.9612096991555275
445 4.010076850754409
446 4.003886150418695
447 3.9630520482112117
448 3.9926963690604773
449 3.9611524119718897
450 4.019269831758311
451 3.942464313409434
452 3.916918176026068
453 3.9951272157271975
454 3.9793952154218135
455 3.9330338325109904
456 4.012343794005723
457 3.9810498615173757
458 3.9839695077707336
459 3.9715854454366015
460 3.9857327832296847
461 3.9654121407062934
462 3.9694254048448374
463 3.990065565695128
464 3.9794705866139903
465 3.9716002973680204
466 4.006290497633377
467 3.987232384014455
468 3.9859563222110475
469 3.962832764147085
470 3.947961638811912
471 3.9310319838670336
472 3.999982598698587
473 3.958918141016781
474 3.990221558984229
475 3.9143203191789753
476 3.969269575926224
477 3.9481743277136374
478 3.957426379565086
479 3.964243323322856
480 3.9209036005234963
481 3.9054172266872262
482 3.9587350282245937
483 3.93453055355736
484 3.8958931237764327
485 3.987228502592536
486 4.009355574337696
487 3.9499254495210616
488 3.950251480011403
489 3.9861289958498176
490 3.9656003978065257
491 3.9297063838906663
492 3.9740342280156784
493 3.973668270957348
494 3.9215622477157126
495 3.968702092512476
496 3.9242429041618374
497 3.983529650717465
498 3.943405450814413
499 3.966487228666963
500 3.979439294378912
501 3.9677381938634877
502 3.9418700986347917
503 3.9917958254700228
504 3.9867779728495627
505 3.9358780074851913
506 3.9804193688740908
507 3.974429480451773
508 3.9420506124203523
509 3.964962345748224
510 3.9634921583299345
511 3.9540482698447064
512 3.9402351900172317
513 3.8995741796981758
514 3.939145075176356
515 3.9029774372895014
516 3.9771858880951134
517 3.919071964029566
518 3.925370040607127
519 3.9383298065068373
520 3.9928632620658484
521 3.9514087263634585
522 3.92104118838652
523 3.9659522181891744
524 3.9730109777873692
525 3.9363335350674573
526 3.912349152483631
527 3.9279745170280793
528 3.941368007822655
529 3.9815224820029615
530 3.9308920655234276
531 3.9254429096247963
532 3.952618511056737
533 3.980494753899428
534 3.9192900299619082
535 4.001547914316223
536 3.9336109478725914
537 3.927563068402912
538 3.9638531981067855
539 3.8874765785074072
540 3.9365304663726493
541 3.952992946214643
542 3.9738415068733812
543 3.9894730052036635
544 3.918023466657046
545 3.8897575819451653
546 3.9239982590333593
547 3.980269764063708
548 3.938981617676927
549 3.934299517817058
550 3.8969372165081038
551 3.9857562255533887
552 3.9333954361925354
553 3.9058997370684105
554 3.952517775545348
555 3.913095959217475
556 3.9722661874400065
557 3.9600209913156137
558 3.945168541559994
559 3.8990809380397864
560 3.937423086817354
561 3.8667993171223194
562 3.9591100696003885
563 3.9416982737010655
564 3.927541229098323
565 3.9269058826433514
566 3.9977587351619994
567 3.9639826626500985
568 3.9170402601717274
569 3.906301671734442
570 4.002891517743316
571 3.940057449373369
572 3.9497580210910317
573 3.9619651149971085
574 3.957065903692929
575 3.9094490655046275
576 3.927436176013621
577 3.8511299313945573
578 3.8772296726500217
579 3.8761097253792927
580 3.932257408981844
581 3.941467035345657
582 3.941907565341468
583 3.8985018274483014
584 3.9099069276360523
585 3.9897128567353857
586 3.8740756942957333
587 3.8442604590601483
588 3.9276212270756226
589 3.904979113425818
590 3.97102654346427
591 3.9440315876397665
592 3.9216045242934503
593 3.838719280099706
594 3.876964668365062
595 3.9428056148945676
596 3.9272169310078278
597 3.9193685062916206
598 3.9288980749279974
599 3.9211077844730418
600 3.892766280385821
601 3.9256309079635674
602 3.9413249997148743
603 3.8925895178277337
604 3.910941462467962
605 3.9650533402739123
606 3.910126499755391
607 3.9123715459283304
608 3.923574864254063
609 3.911430586726999
610 3.9168820967039557
611 3.965797029664492
612 3.9110516248709515
613 3.9285111964359216
614 3.8964976003145604
615 3.9473791748997296
616 3.897911625103739
617 3.906752141262484
618 3.9111494977319605
619 3.939300542805382
620 3.9161487691638412
621 3.9113878552824155
622 3.9496020904580074
623 3.906982813272053
624 3.936005753461818
625 3.900159868364041
626 3.8937590618589226
627 3.950100981741635
628 3.9378372166343922
629 3.847544740084495
630 3.9206455722196925
631 3.9179183240636624
632 3.8625584169459426
633 3.927760042021299
634 3.9250834297401505
635 3.8645529445934623
636 3.9326254703079067
637 3.8925287503838133
638 3.9601007166982916
639 3.9081080968876343
640 3.951834213204758
641 3.902809756607733
642 3.899205389283216
643 3.8817037966471077
644 3.946285195724956
645 3.901567961982493
646 3.864113519623011
647 3.9129751884082884
648 3.884782140979181
649 3.9115708207921362
650 3.8889326626123424
651 3.8899874923172257
652 3.8979136113827546
653 3.8696757827602557
654 3.8708411508045915
655 3.912271013845763
656 3.9507784957364964
657 3.9481539954097604
658 3.893281432955745
659 3.919429938540931
660 3.8944793976207643
661 3.914197358661951
662 3.965516984666167
663 3.8763015042392874
664 3.917035172823753
665 3.852740466798125
666 3.928679494727594
667 3.886698455127026
668 3.8520265634556274
669 3.9107519156289996
670 3.9150672422741053
671 3.9278125966368274
672 3.860963485346719
673 3.8975353607138676
674 3.904033376902037
675 3.8808011650632266
676 3.961787564762623
677 3.920574752137116
678 3.9189662827566623
679 3.9385557630363177
680 3.933359962274597
681 3.896355211531343
682 3.927430750160087
683 3.913835005548627
684 3.869575035043137
685 3.948580018489434
686 3.8993995523290015
687 3.921740864730939
688 3.933086033160369
689 3.8942435894403036
690 3.8502572933561567
691 3.8914191617086886
692 3.8464330821313957
693 3.9146034400210854
694 3.8789525707427144
695 3.87780077140079
696 3.8437693859529984
697 3.9318833286038033
698 3.9092379031327806
699 3.870584779225112
700 3.884427513278792
701 3.909630091930819
702 3.9479534617869927
703 3.9271165144728313
704 3.881092941394845
705 3.900147822122932
706 3.860644771784239
707 3.9296213294865736
708 3.8864452562234506
709 3.903918287452984
710 3.8773296611707773
711 3.8967736914703055
712 3.913143035087976
713 3.9469725361456236
714 3.8843525855614462
715 3.8885019517189
716 3.919101814361156
717 3.8603107750212375
718 3.8848401946826194
719 3.944417383076795
720 3.9401910589823546
721 3.9121863215449726
722 3.9117585921043423
723 3.9234079476509485
724 3.8672681318615076
725 3.8612524803994868
726 3.8916557046740534
727 3.866238830032609
728 3.8611561332546405
729 3.855598834594362
730 3.911794523330272
731 3.9216975319507585
732 3.861290262013979
733 3.9165582184905485
734 3.8704359100133487
735 3.8287125414955736
736 3.904906993026213
737 3.866310950432214
738 3.8873109386235782
739 3.900942946456805
740 3.937670736182672
741 3.8421341111635594
742 3.906929633723184
743 3.9056097435869863
744 3.9088089254528997
745 3.8403656832594106
746 3.877698202588859
747 3.9141248330321328
748 3.8716988376383084
749 3.9033701371007403
750 3.8551724363919413
751 3.8810287701798787
752 3.8565338040374653
753 3.9281046244064695
754 3.8794491364280517
755 3.8690015187442506
756 3.9191323596056002
757 3.8979193846927163
758 3.861875742368731
759 3.85236087594016
760 3.920665061514532
761 3.87312046903799
762 3.894435637640058
763 3.8990869269842987
764 3.8667870650112426
765 3.877526935050105
766 3.864886859984935
767 3.929292367180053
768 3.881913153384733
769 3.8978384021199197
770 3.870289457535988
771 3.9087435409884406
772 3.8688937559876426
773 3.8729785107101597
774 3.860005635857175
775 3.890787215769901
776 3.8545830542723882
777 3.8645747293791266
778 3.8381782261584805
779 3.8878936263074646
780 3.8470963121681083
781 3.8504131409902214
782 3.925507301356605
783 3.857167480748668
784 3.9137923823281766
785 3.879793639069124
786 3.9056453485130858
787 3.809807558515373
788 3.8611278615307074
789 3.86763501574155
790 3.862369309513235
791 3.847570200422111
792 3.816165088386666
793 3.8997203481889016
794 3.8467829333230497
795 3.8786182183861326
796 3.871685697763853
797 3.878292987777918
798 3.9027469312778513
799 3.9178842155599756
800 3.8608507149862348
801 3.889961516897833
802 3.884853151471135
803 3.837887424657776
804 3.876101023508013
805 3.8868582020847464
806 3.9237825366010437
807 3.8572151050632724
808 3.900064362600802
809 3.836614891123853
810 3.855843203873358
811 3.847865498513492
812 3.8479806563146286
813 3.8543134036731392
814 3.885464924594241
815 3.8872805081129886
816 3.9311411136653236
817 3.889439863556481
818 3.8647662926045703
819 3.90411456371737
820 3.8440696330607547
821 3.885182373352832
822 3.8866347819058156
823 3.8414902003551914
824 3.84798022097695
825 3.83031016079639
826 3.8736167523641227
827 3.865692189122223
828 3.8470719495324146
829 3.8440203674824165
830 3.883499115400347
831 3.8658291276404477
832 3.8781274284519025
833 3.867740380479207
834 3.857495565056394
835 3.8747256388029547
836 3.934809512245777
837 3.870038821835567
838 3.876398652893691
839 3.8558290850994124
840 3.811190927394828
841 3.867361332369339
842 3.8597083905451126
843 3.8129667487160743
844 3.8901368082586814
845 3.8435878680427735
846 3.8519389613089707
847 3.8192145149048686
848 3.8968083939861518
849 3.817499308862784
850 3.822711442517746
851 3.858360393869185
852 3.91002868059959
853 3.854478818157834
854 3.875585429904404
855 3.863777787205302
856 3.8602520028072007
857 3.8735279149976605
858 3.837749444583984
859 3.8570906147615087
860 3.884014299705167
861 3.8406136271896623
862 3.8773623432315656
863 3.8674258721973302
864 3.8799259833508386
865 3.8582032711432657
866 3.8414366440561443
867 3.820312891397053
868 3.86663741870138
869 3.888605265894034
870 3.836212144369965
871 3.8781383086390058
872 3.821423197769061
873 3.834628995368098
874 3.8676494307078597
875 3.8658652761283587
876 3.846487482253195
877 3.8583290300271615
878 3.871646048672777
879 3.846497172788548
880 3.8487507849423146
881 3.8864208073339364
882 3.885959858780428
883 3.8316728051611997
884 3.8354083442037017
885 3.856697058921788
886 3.8516600612080545
887 3.855372493991266
888 3.851350368493246
889 3.8309908979175034
890 3.8581770337075505
891 3.886847008617258
892 3.835587626838033
893 3.7911950972299935
894 3.8264479742928983
895 3.9027847462546705
896 3.819022381265009
897 3.857361080703475
898 3.860490389651406
899 3.8531158613263545
900 3.8442343046233924
901 3.8780501092253283
902 3.8473927657351967
903 3.8161250983488846
904 3.8052803192529256
905 3.887171795750641
906 3.8504169345308896
907 3.799675501247315
908 3.825828459482551
909 3.8204067339262457
910 3.89771810489303
911 3.829314669651383
912 3.834625289708681
913 3.8681969927439512
914 3.876057951116725
915 3.868189832049425
916 3.7910712180284105
917 3.8483812255664085
918 3.863096472346335
919 3.8539804256816774
920 3.8268041024842767
921 3.858970058655983
922 3.8401522245830235
923 3.863281346018404
924 3.794529880679915
925 3.8208384725420954
926 3.8546227212652004
927 3.8122047897898703
928 3.851697913615777
929 3.816794170047643
930 3.830825273494265
931 3.8759466275420205
932 3.8284139551807184
933 3.8624088259687195
934 3.8555959532285304
935 3.797204182009648
936 3.8443776348751966
937 3.827424610027274
938 3.8375303086160395
939 3.8526689461066863
940 3.8759965465337345
941 3.861884843774216
942 3.803237318585757
943 3.8682799453214574
944 3.850721193255011
945 3.7938685767072866
946 3.8186220195106273
947 3.8835566589043
948 3.81554681123727
949 3.88072273430157
950 3.7853824221640315
951 3.845784431431481
952 3.839184467296145
953 3.833148148279548
954 3.8743268467053618
955 3.837187252760747
956 3.8791799797539825
957 3.805405559800184
958 3.8156231369174787
959 3.819898624062131
960 3.8522701442445095
961 3.8035631139123804
962 3.8582222087391407
963 3.8164229352319605
964 3.8159181201010433
965 3.870056621857471
966 3.868840556909607
967 3.849664221851492
968 3.851708276279957
969 3.831575279756618
970 3.819506997541356
971 3.8328816760522106
972 3.88023637992937
973 3.875300409850814
974 3.8136001479503645
975 3.807406623208889
976 3.7975602076729005
977 3.8228426508529196
978 3.859111939680861
979 3.83298460778116
980 3.7899812024608
981 3.815756865328896
982 3.7918052478048176
983 3.8256938140140053
984 3.8783106812031196
985 3.9054524239419672
986 3.8417461471752907
987 3.843703539298256
988 3.807325117417163
989 3.780817385012786
990 3.7965938231237106
991 3.8158708294097066
992 3.854011183305812
993 3.8269472097780923
994 3.82506713362684
995 3.8066011956120516
996 3.8051082933315237
997 3.790124713357398
998 3.83909345486872
999 3.81976981700077
1000 3.870952493908462
1001 3.81065267263419
1002 3.7779636602759767
1003 3.8313220523730074
1004 3.8904350690874225
1005 3.7777825418999575
1006 3.850287760483934
1007 3.828821622470947
1008 3.8734214842929773
1009 3.869052848718272
1010 3.836194774803448
1011 3.8880395458013126
1012 3.787996670491866
1013 3.8376629409529652
1014 3.7913133772566865
1015 3.814716693891193
1016 3.848617115118398
1017 3.830189555985122
1018 3.814784342925296
1019 3.8663863281341135
1020 3.8221320658413624
1021 3.80620229447661
1022 3.875780723200723
1023 3.842437196510237
1024 3.7983579269448238
1025 3.81839418736741
1026 3.8034279517346277
1027 3.8437036076503404
1028 3.8271361813203466
1029 3.778477414069322
1030 3.8415031880648876
1031 3.8281761517703736
1032 3.794791701710672
1033 3.771975977022086
1034 3.825748887078347
1035 3.7797349825654014
1036 3.8377740773731532
1037 3.829512316212312
1038 3.8406710600283365
1039 3.816142670530508
1040 3.8412383383858324
1041 3.826137371844399
1042 3.8498149202952208
1043 3.8353645565566756
1044 3.817342483956659
1045 3.8242685021800797
1046 3.8187585739552365
1047 3.805096515616459
1048 3.8402189801577413
1049 3.8314645469392117
1050 3.8130741664574006
1051 3.770013986594034
1052 3.8294238653606114
1053 3.8410952245822947
1054 3.8483184563828816
1055 3.8325562696814943
1056 3.828356343324681
1057 3.811635004375575
1058 3.790873839993526
1059 3.8051420983194086
1060 3.8739039401552375
1061 3.8341799669298298
1062 3.82546784446508
1063 3.824509626362511
1064 3.8684591473979753
1065 3.7878666998176445
1066 3.79503373969537
1067 3.8813080681875705
1068 3.8583692991692864
1069 3.8011227890899972
1070 3.7701144112661837
1071 3.8360321066078473
1072 3.8142955596129644
1073 3.8003711114564447
1074 3.8105643194283236
1075 3.839477451994964
1076 3.8010091285249885
1077 3.7977262275617685
1078 3.810794604109416
1079 3.8187348395077443
1080 3.8088256995425698
1081 3.819602107838966
1082 3.7870931210371412
1083 3.811953259816349
1084 3.797219810225451
1085 3.833877080943397
1086 3.7850435471778843
1087 3.841239099209626
1088 3.813534473803263
1089 3.824185550416289
1090 3.844308928824936
1091 3.8578723713806466
1092 3.8543745299655017
1093 3.7859270670308187
1094 3.8620063200745567
1095 3.7946832570606532
1096 3.846000577809461
1097 3.7633540036328417
1098 3.809674455037296
1099 3.795168728551767
1100 3.7938785919150395
1101 3.811349293477706
1102 3.8179092244483503
1103 3.8351027395944954
1104 3.8187787671137996
1105 3.840793344347957
1106 3.8379484948037836
1107 3.8608920378896565
1108 3.8512528959801577
1109 3.8115912712474733
1110 3.7972013429570115
1111 3.8084457140326906
1112 3.7762019422680853
1113 3.834905830259616
1114 3.793605954166972
1115 3.775164772626076
1116 3.806195090655174
1117 3.8209290138283687
1118 3.8552140204979697
1119 3.847875222411172
1120 3.7972001541189773
1121 3.8356718300959356
1122 3.8613248864131577
1123 3.828127928561318
1124 3.84468603703756
1125 3.75223489914331
1126 3.8099144042148523
1127 3.787822182268006
1128 3.800406345328373
1129 3.8286071027098254
1130 3.794624772901828
1131 3.8211640790867722
1132 3.804277964419472
1133 3.8189105548142575
1134 3.8571903070899
1135 3.850696204058546
1136 3.8207394328133644
1137 3.8233165488715057
1138 3.8005249174788545
1139 3.8293380590835935
1140 3.779883893276644
1141 3.8563858657159904
1142 3.812063438493644
1143 3.81675457222063
1144 3.811024215847966
1145 3.869336694580703
1146 3.7924911512042883
1147 3.8667288160161353
1148 3.837543553459766
1149 3.789388097593809
1150 3.854333646468335
1151 3.7781464101511464
1152 3.821294258885823
1153 3.785115300591895
1154 3.8686671745248216
1155 3.8126850233956815
1156 3.7752771214820418
1157 3.8400050568499258
1158 3.8052995741977624
1159 3.787850230220235
1160 3.8034335525369483
1161 3.787083781213077
1162 3.827653963818078
1163 3.8093820602820596
1164 3.817878555519182
1165 3.8115702310112964
1166 3.8543634536730145
1167 3.844669414461676
1168 3.812140198697816
1169 3.837805910728897
1170 3.818482965332656
1171 3.7654281541349133
1172 3.7884142219816868
1173 3.806100757455663
1174 3.7823637630345472
1175 3.817354180300195
1176 3.841345322416911
1177 3.7936847519142227
1178 3.8220777064053273
1179 3.81168948993748
1180 3.749818926378322
1181 3.8152691927379307
1182 3.8027574666124155
1183 3.763426657829675
1184 3.854585080423453
1185 3.8156438874710137
1186 3.7941546472673124
1187 3.8157719255714286
1188 3.8034507186746436
1189 3.8183545252568893
1190 3.828757635969351
1191 3.804135621204311
1192 3.804998183820028
1193 3.7985031368789413
1194 3.7927834263433775
1195 3.8008178305707285
1196 3.8407116278039717
1197 3.7931549809491676
1198 3.810669182917364
1199 3.825068232956193
1200 3.819258519813876
1201 3.861568330497872
1202 3.792339123963496
1203 3.7912891757366194
1204 3.7761145028644862
1205 3.8031040596880605
1206 3.781527577813575
1207 3.789522943236315
1208 3.8456915808212226
1209 3.8270873461973953
1210 3.7882625072075644
1211 3.8026764278932643
1212 3.861258560480111
1213 3.7869912796866774
1214 3.8170531935252425
1215 3.78984001065277
1216 3.84130042893081
1217 3.8466995738879
1218 3.783419484571385
1219 3.7740569187919433
1220 3.7771505544616906
1221 3.812800148648207
1222 3.8292859080708475
1223 3.822783414007454
1224 3.76633063274032
1225 3.8036225191969106
1226 3.7951968708949693
1227 3.8255855630282247
1228 3.8308537722447626
1229 3.8056966591206836
1230 3.8106424857325116
1231 3.761603848519179
1232 3.843251588808392
1233 3.8268346176212558
1234 3.7854075513195258
1235 3.7911204071175115
1236 3.8161635195435926
1237 3.8097068132394
1238 3.810883562719456
1239 3.7991869669318605
1240 3.8041455159822015
1241 3.8177400530401755
1242 3.859123740993669
1243 3.8462324687645295
1244 3.7697963568130857
1245 3.8279902658364877
1246 3.7830322683874655
1247 3.7829608363909935
1248 3.779080705837992
1249 3.845648708603895
1250 3.8383851954554533
1251 3.8058284850657595
1252 3.802169344937842
1253 3.7968747331013857
1254 3.771164900613726
1255 3.8197847584408704
1256 3.7898942244337688
1257 3.7827694302126003
1258 3.7883780555920388
1259 3.771586437681022
1260 3.8349016624099157
1261 3.828397001422713
1262 3.780602262288637
1263 3.816608641334768
1264 3.76516910705957
1265 3.800311718377644
1266 3.8131037677921125
1267 3.7654353156431544
1268 3.7838439013770824
1269 3.7930536937388135
1270 3.805228949406855
1271 3.7623607469500127
1272 3.7750901280816507
1273 3.8312145963870625
1274 3.8190921866446224
1275 3.791543676584654
1276 3.8071707206374548
1277 3.798045310550989
1278 3.790294346955856
1279 3.8290737187903083
1280 3.783598422190435
1281 3.7845195503365057
1282 3.825491096379407
1283 3.7831356411501003
1284 3.8211646291583063
1285 3.828506253278296
1286 3.8033658986205534
1287 3.762033516229623
1288 3.8089171391705197
1289 3.791640496498082
1290 3.839830262669117
1291 3.7983562596422007
1292 3.830166242228433
1293 3.8195798820196156
1294 3.8019170248467766
1295 3.7884258939137636
1296 3.809663364911649
1297 3.7924930137985804
1298 3.8066101057944444
1299 3.8004657164368614
1300 3.797340707160507
1301 3.811753353568067
1302 3.8549982923696473
1303 3.8170430228978702
1304 3.7865641157781713
1305 3.758688086942601
1306 3.782757542645972
1307 3.81794963436322
1308 3.7991675931845914
1309 3.779552174102731
1310 3.776885472873779
1311 3.839444132795106
1312 3.7624263673919054
1313 3.8276094706798984
1314 3.809216638473927
1315 3.7810545805778113
1316 3.8200885012695
1317 3.8039594786972724
1318 3.811451791496407
1319 3.8146229872524535
1320 3.8004471401305735
1321 3.8270353782705886
1322 3.8524643439074833
1323 3.8028090927788014
1324 3.7670584294576286
1325 3.7822800984561646
1326 3.795395411728999
1327 3.8198744681101204
1328 3.8163494095460546
1329 3.7803303902466547
1330 3.786587919391463
1331 3.786523508130487
1332 3.815021993357167
1333 3.804398701866332
1334 3.8103177295203094
1335 3.766717176795413
1336 3.7662329690041396
1337 3.8090792231185446
1338 3.79053349543757
1339 3.819120519397202
1340 3.7982081927537106
1341 3.770339836439582
1342 3.766065535691818
1343 3.7788580293948333
1344 3.797140835901983
1345 3.7813408578215197
1346 3.7739375931411066
1347 3.8299116844203285
1348 3.7908778849722173
1349 3.8138576945347182
1350 3.76894561910792
1351 3.7701148620644527
1352 3.841385843810775
1353 3.785273822094393
1354 3.7794366419925622
1355 3.7885560997517036
1356 3.741884232381098
1357 3.7705137355335743
1358 3.7500360703712436
1359 3.7864361663727224
1360 3.8024483622137595
1361 3.8075633976646657
1362 3.795392308218894
1363 3.7734529142086823
1364 3.76929043991167
1365 3.767714851138535
1366 3.771466443969935
1367 3.8141493813576552
1368 3.7863407094324
1369 3.828438683174576
1370 3.77494310925845
1371 3.798383711141124
1372 3.8147533834997702
1373 3.816738720233123
1374 3.7724513836688147
1375 3.834906958069004
1376 3.7968922515778005
1377 3.7695091169441928
1378 3.753043123479589
1379 3.805410445346767
1380 3.801362027894108
1381 3.77070312288434
1382 3.7947115401766
1383 3.782570323846446
1384 3.8157345532557256
1385 3.7871252912710145
1386 3.794980060525315
1387 3.7455587419633574
1388 3.7996600040396733
1389 3.782235175676313
1390 3.7916924888363472
1391 3.8133444558231497
1392 3.7780745599050163
1393 3.783925627685651
1394 3.785364971225986
1395 3.7745027452605577
1396 3.7704208206398087
1397 3.785154211643206
1398 3.8139425170299543
1399 3.7748511618721605
1400 3.834886765724156
1401 3.7543171509947793
1402 3.81823291062495
1403 3.775716504139298
1404 3.789431486520344
1405 3.802233923824167
1406 3.7591557787546934
1407 3.758987828733164
1408 3.777572290075517
1409 3.7792045785298525
1410 3.7939685253559934
1411 3.7871786246120727
1412 3.816462740556372
1413 3.7309155106137637
1414 3.795768749998698
1415 3.794771426366865
1416 3.8202072418590456
1417 3.779343940292202
1418 3.8171506440680183
1419 3.826063798149291
1420 3.761524868499704
1421 3.746292724544278
1422 3.832403969846081
1423 3.7120911220641672
1424 3.7666496066916926
1425 3.772002949242706
1426 3.800843500846889
1427 3.7582901402951916
1428 3.805193134542211
1429 3.7915111670315063
1430 3.792632014271342
1431 3.8145981852105044
1432 3.7838570217223704
1433 3.7897475807333154
1434 3.788640986530447
1435 3.7486680091037683
1436 3.7757994144036093
1437 3.7732537451864507
1438 3.7865768634418577
1439 3.7648651372043753
1440 3.7699376780018463
1441 3.7767039313658106
1442 3.7297197958715134
1443 3.7599405054346287
1444 3.797636394207795
1445 3.7896883211038217
1446 3.8205096371751597
1447 3.751635818351251
1448 3.788433945626529
1449 3.7585700217367437
1450 3.7883524805205675
1451 3.787241895044216
1452 3.858194832102024
1453 3.8150494228857776
1454 3.769270292321163
1455 3.7756477712364327
1456 3.753562364155115
1457 3.7854586648452813
1458 3.7875940938044734
1459 3.784216674928372
1460 3.7511030935997036
1461 3.757604688507705
1462 3.742695554531475
1463 3.767252769893347
1464 3.781215779203604
1465 3.834172353809604
1466 3.8066979032327697
1467 3.7830683493370083
1468 3.717591275940983
1469 3.7652937422026547
1470 3.8274128095281816
1471 3.8113618954863564
1472 3.8088393064895993
1473 3.7592922648472182
1474 3.8005184549520448
1475 3.7672887385501794
1476 3.72983175088928
1477 3.791813371124528
1478 3.7810728663877415
1479 3.791040759037786
1480 3.787591101773363
1481 3.7961574512130163
1482 3.7557863155729536
1483 3.776046739910243
1484 3.772369705369448
1485 3.7857599177051324
1486 3.779428349420072
1487 3.7736841021137435
1488 3.8371058039290915
1489 3.855953405334681
1490 3.8104093237541643
1491 3.724009792145609
1492 3.7607541068015244
1493 3.7651948863735787
1494 3.7429852078799093
1495 3.7911921271691957
1496 3.7775961872660666
1497 3.7690256968293174
1498 3.7843261049876036
1499 3.840178153620645
1500 3.758439273964423
1501 3.743998466498209
1502 3.7926778345791554
1503 3.76847798913819
1504 3.797145647400475
1505 3.762910177276403
1506 3.8057984280504873
1507 3.7824887513300665
1508 3.771396644286328
1509 3.7899248437263044
1510 3.829198778692773
1511 3.753514360649187
1512 3.7729449280292915
1513 3.811023212537017
1514 3.7857120606679557
1515 3.7866001275619143
1516 3.770522137143913
1517 3.7896773375748776
1518 3.7358196212976864
1519 3.807715739813274
1520 3.7845294402321046
1521 3.761137278006752
1522 3.795549233211999
1523 3.7703178628719707
1524 3.7892546694433324
1525 3.7753138615409667
1526 3.7619903673490973
1527 3.7211255359975146
1528 3.7709021299772294
1529 3.782068750557232
1530 3.7481515008841764
1531 3.783251708684928
1532 3.7845679037400073
1533 3.748280148457342
1534 3.7676757317761105
1535 3.7742328912324874
1536 3.8087691121540788
1537 3.766522825781396
1538 3.7929804268143688
1539 3.739618226529795
1540 3.7711870955118956
1541 3.767356416878033
1542 3.7612465835675444
1543 3.7798041434825076
1544 3.7910278974539593
1545 3.7815928052309835
1546 3.787748728189045
1547 3.757987531785672
1548 3.777253447946021
1549 3.790789037841172
1550 3.7689148020825693
1551 3.737230226855229
1552 3.7804506419054884
1553 3.804492824313584
1554 3.759582578932466
1555 3.816140935689516
1556 3.761322225726912
1557 3.7850222831700036
1558 3.7800747526383645
1559 3.759692096059233
1560 3.793971090186578
1561 3.7842744112828486
1562 3.7564759815919113
1563 3.7797371291463286
1564 3.7904436661521728
1565 3.771519596666199
1566 3.7836257483772044
1567 3.79867376483748
1568 3.796964917166648
1569 3.7555027048742406
1570 3.804746386134177
1571 3.7761670623623065
1572 3.7938405556076624
1573 3.7672650236318543
1574 3.7675998642176083
1575 3.8207855110689235
1576 3.7753860820275524
1577 3.725477988402591
1578 3.785490562484533
1579 3.7503548978538643
1580 3.759830651429733
1581 3.7209787425734486
1582 3.789450105953542
1583 3.813447940878494
1584 3.7734582245146457
1585 3.7549031993228015
1586 3.713827193393642
1587 3.7723525441140446
1588 3.7662604416596603
1589 3.776204368767071
1590 3.7554658907672245
1591 3.7842588628111438
1592 3.8067549886150163
1593 3.7427401436880587
1594 3.7848400312885895
1595 3.758967658358629
1596 3.7748509234535814
1597 3.765423236039718
1598 3.7427658668557124
1599 3.820189168428805
1600 3.765658312690136
1601 3.732559654086116
1602 3.7667860000206748
1603 3.736281128873597
1604 3.7590537600142966
1605 3.794116160161666
1606 3.7381574969242863
1607 3.777172857583993
1608 3.7615257546356515
1609 3.791891402351978
1610 3.7734835115309053
1611 3.7825635220003617
1612 3.751678421228819
1613 3.7526101260461906
1614 3.805336386677348
1615 3.7662487477572704
1616 3.731691449982314
1617 3.751484447778695
1618 3.753838168069364
1619 3.7444577428668024
1620 3.763208857982232
1621 3.8154574010152458
1622 3.733644670187003
1623 3.8122538934388666
1624 3.787923764857009
1625 3.7629417770958598
1626 3.7569725261206512
1627 3.755637723024388
1628 3.7190359761690526
1629 3.7854094814521866
1630 3.7596908225948087
1631 3.8028278171812717
1632 3.715919865683077
1633 3.7443771516910593
1634 3.762039486458684
1635 3.781358792106446
1636 3.7860153819920668
1637 3.7786777003226426
1638 3.7487282614659123
1639 3.76783030269089
1640 3.788771155751199
1641 3.799705132689492
1642 3.730061968845719
1643 3.725239094613762
1644 3.721550171692624
1645 3.7685011678181413
1646 3.7562025520988698
1647 3.7726983096412425
1648 3.748124508320675
1649 3.748394992978093
1650 3.716242840672516
1651 3.7662858930464083
1652 3.724242177025857
1653 3.7845273904832966
1654 3.7887551540400795
1655 3.7769212120629008
1656 3.7956750580068332
1657 3.802762746810913
1658 3.745337770253725
1659 3.7542117040718783
1660 3.785219876025724
1661 3.7579482309647387
1662 3.766985683310968
1663 3.7487658957979377
1664 3.780207140860704
1665 3.748365059647544
1666 3.7834879326739004
1667 3.7583456788046776
1668 3.787468227510159
1669 3.748639788643899
1670 3.804579672959884
1671 3.7642940246204466
1672 3.7757296171611485
1673 3.7477712142996413
1674 3.7558985798025293
1675 3.745688933968137
1676 3.765933004255588
1677 3.748150621257951
1678 3.7894678473879453
1679 3.804897950370971
1680 3.7353867361569972
1681 3.785445441971867
1682 3.7652846269640095
1683 3.808223351683633
1684 3.7664000198702765
1685 3.777732684750606
1686 3.7733288266959857
1687 3.763598504733714
1688 3.7719438547974153
1689 3.7454333720353685
1690 3.810807319224491
1691 3.788094777702878
1692 3.740548954075107
1693 3.730934692324225
1694 3.707865577508972
1695 3.7892492728835485
1696 3.791769437822466
1697 3.8015392900733818
1698 3.762263939242314
1699 3.788296631171842
1700 3.7610101594046115
1701 3.741410619162862
1702 3.8073329884851344
1703 3.7606053921956657
1704 3.7834841293686488
1705 3.7668815570479772
1706 3.7526302711955517
1707 3.7669783208150505
1708 3.7802552908353837
1709 3.7526501657206044
1710 3.7198431768515006
1711 3.770702441804645
1712 3.759260042535567
1713 3.771285278398429
1714 3.7376817989674853
1715 3.7994541430229214
1716 3.7857295734483634
1717 3.7309619705017925
1718 3.719307226532555
1719 3.806341289253365
1720 3.7886459965754695
1721 3.7803173000088326
1722 3.7379908081614523
1723 3.787833510812232
1724 3.777932689458437
1725 3.7777852694736
1726 3.821304546688197
1727 3.75570847475488
1728 3.75034082383426
1729 3.759173876596392
1730 3.730321557855443
1731 3.764539660040429
1732 3.7556454020555514
1733 3.8190277412076044
1734 3.756602572092831
1735 3.7609159954578804
1736 3.774690545866514
1737 3.7628452126890317
1738 3.762876490277235
1739 3.737779417949325
1740 3.742249588917547
1741 3.7458950594423572
1742 3.773008292038693
1743 3.775519269318304
1744 3.760009045486971
1745 3.779133426451439
1746 3.769047459644669
1747 3.7383203067063473
1748 3.7475784654910247
1749 3.754670808746546
1750 3.775099629835057
1751 3.7819912401075655
1752 3.757094410906066
1753 3.740098382018939
1754 3.7292545460189976
1755 3.7964193259489822
1756 3.7584368458380064
1757 3.7908398812134516
1758 3.7315317136028927
1759 3.764159279878636
1760 3.7631289633467744
1761 3.7104167295397343
1762 3.74236354730235
1763 3.7663965583254453
1764 3.744806064273717
1765 3.740811779230528
1766 3.772983819551435
1767 3.7430901153095752
1768 3.7283942797078207
1769 3.7235620469363475
1770 3.7526180947599963
1771 3.7714339067504676
1772 3.735372415581661
1773 3.7699461601699986
1774 3.7923608127307564
1775 3.7462851423452332
1776 3.764144859216319
1777 3.744078487259536
1778 3.76473359768708
1779 3.7289277750477448
1780 3.751381376090717
1781 3.7297150600485427
1782 3.7584512518534483
1783 3.754513296251004
1784 3.7502529889650313
1785 3.815239248829083
1786 3.7359216888610005
1787 3.702972565901564
1788 3.7499914169311523
1789 3.727474968587986
1790 3.7263345205743157
1791 3.7055009892369295
1792 3.785763741353266
1793 3.7163058930289625
1794 3.7521695635017682
1795 3.737404886773015
1796 3.7842925489965964
1797 3.751728306858206
1798 3.7607190340452226
1799 3.7625556268789664
1800 3.7709618640027354
1801 3.726085708409853
1802 3.8034586393792473
1803 3.7758119309721545
1804 3.7775766735597682
1805 3.766957313127485
1806 3.7670917502849175
1807 3.7343138590607627
1808 3.757140478583326
1809 3.771429029341037
1810 3.7285111837419636
1811 3.8274842716321196
1812 3.7629236304312434
1813 3.75860204468815
1814 3.7572693385361813
1815 3.7905270329107603
1816 3.7417298795420155
1817 3.72846574506662
1818 3.750561458665763
1819 3.7320601557708843
1820 3.734082371708476
1821 3.751078241107407
1822 3.771515533785771
1823 3.7726910626928962
1824 3.7850718823716094
1825 3.747798927814887
1826 3.7563607831050105
1827 3.7260614352828405
1828 3.792547972942782
1829 3.7672636102084005
1830 3.712836929555639
1831 3.7574100746636505
1832 3.7360667588360887
1833 3.738363926728024
1834 3.737789986483473
1835 3.7306428102096194
1836 3.784956061392514
1837 3.787776379048214
1838 3.7511238140457728
1839 3.780234261991221
1840 3.76197329478866
1841 3.7612253415299763
1842 3.7739408569531228
1843 3.7247800167916987
1844 3.728182336169298
1845 3.7258643396071607
1846 3.7823689659300923
1847 3.7746171332870326
1848 3.7254162542649096
1849 3.768498786887211
1850 3.6776241735386765
1851 3.765362592280521
1852 3.7451205391932674
1853 3.7468283786708585
1854 3.734879168227264
1855 3.727361272219505
1856 3.659126019721959
1857 3.7208680886864256
1858 3.726981059683061
1859 3.7864503453615987
1860 3.7897820887712084
1861 3.7846690395993177
1862 3.7467790805439085
1863 3.7201235668651074
1864 3.756765822094862
1865 3.710570476160928
1866 3.795276918508901
1867 3.7484356445664027
1868 3.734733256056854
1869 3.781534378032229
1870 3.731130452693119
1871 3.752549485541855
1872 3.7429667812972345
1873 3.7304564067528108
1874 3.742819008159963
1875 3.7810803615192503
1876 3.7805934757909676
1877 3.7571879548017484
1878 3.7530082419463797
1879 3.7349252228850798
1880 3.76115962506968
1881 3.7120989638383883
1882 3.745608476241701
1883 3.7329746911956994
1884 3.7505833118035117
1885 3.714491730257106
1886 3.7312410097480226
1887 3.770245143577914
1888 3.7776662774460306
1889 3.742454186234458
1890 3.721490174023365
1891 3.7504263257817603
1892 3.719865340014773
1893 3.7780706117584435
1894 3.761244428035749
1895 3.726773100094584
1896 3.765296177652509
1897 3.7450822774867554
1898 3.790565506996962
1899 3.785766114147043
1900 3.7685471451730046
1901 3.7756982313488123
1902 3.745425214539616
1903 3.76484740309341
1904 3.73825399297903
1905 3.7355240815328656
1906 3.7826749928575327
1907 3.73750490133266
1908 3.7430281451944607
1909 3.7834801120562767
1910 3.770493935399495
1911 3.709910024961921
1912 3.7329325586455675
1913 3.726778383547942
1914 3.7267507684922463
1915 3.7303915316741216
1916 3.7519917862407177
1917 3.7207612324086474
1918 3.7366208362904834
1919 3.7526855769824654
1920 3.7463536734467073
1921 3.753255787156141
1922 3.7410072670048007
1923 3.7614941051795623
1924 3.74471177013254
1925 3.7637277788676498
1926 3.750758867621829
1927 3.7551135203130417
1928 3.7913441072145013
1929 3.734544103869806
1930 3.7397453801216933
1931 3.7907378714239233
1932 3.7571737863911703
1933 3.749697673849685
1934 3.7207355458581812
1935 3.746910966703916
1936 3.7366256957981774
1937 3.800869531598921
1938 3.769682964774122
1939 3.733361005783081
1940 3.7736417636936435
1941 3.7778101349853412
1942 3.7863622924166735
1943 3.744394611579973
1944 3.749641628395575
1945 3.718512947648865
1946 3.6939080469437426
1947 3.8116767528520916
1948 3.782190518981361
1949 3.7502081573212918
1950 3.7499006518731752
1951 3.7148582300635327
1952 3.7651632035551623
1953 3.738223895277993
1954 3.7536274849758215
1955 3.757023108290324
1956 3.742116264108912
1957 3.7289542150985664
1958 3.7303120951603703
1959 3.7545764926350564
1960 3.809567108902915
1961 3.7811673192033997
1962 3.7046302959780646
1963 3.7405224521819234
1964 3.7476290452195515
1965 3.7594780808015895
1966 3.7275463183992144
1967 3.7483482751423183
1968 3.7088962358012543
1969 3.7547806163696706
1970 3.750662981039835
1971 3.754236153775108
1972 3.7493152878797096
1973 3.737699468794943
1974 3.7394778557604895
1975 3.7215584520593845
1976 3.7279384770897876
1977 3.7446476062410112
1978 3.716478386022939
1979 3.7164993839459206
1980 3.755177578421583
1981 3.7252610209858865
1982 3.7484407766687178
1983 3.7533675387450858
1984 3.6974867797955717
1985 3.7206161152380726
1986 3.7268218457088538
1987 3.731654884058461
1988 3.7490760547716055
1989 3.7362995416231124
1990 3.7501107116608083
1991 3.730602530489196
1992 3.759409894715397
1993 3.7185508610852342
1994 3.7935265388098185
1995 3.7551692305164535
1996 3.740878162123644
1997 3.8026532988499455
1998 3.749708516605885
1999 3.7359027113930763
2000 3.793872708753514
2001 3.752244804499499
2002 3.722734223453665
2003 3.7320710351442723
2004 3.7209943056920283
2005 3.7691890623789193
2006 3.733703185267009
2007 3.7029351089594713
2008 3.6917980075289365
2009 3.7654013446573513
2010 3.7227097151629347
2011 3.748025522297153
2012 3.707729120710197
2013 3.7639718625325798
2014 3.7293618294973014
2015 3.759317904202198
2016 3.73191661313939
2017 3.754110700034444
2018 3.733718400115446
2019 3.711380683521362
2020 3.7887736595531374
2021 3.73777839836407
2022 3.783090240719375
2023 3.7390446443199705
2024 3.738647639954863
2025 3.7259729095693332
2026 3.730634275963689
2027 3.730184201087561
2028 3.7818597974223893
2029 3.7737857986228867
2030 3.6988929628105294
2031 3.733263502348812
2032 3.7860162054719373
2033 3.73981053023615
2034 3.7240282089637002
2035 3.7050131595989138
2036 3.749589573401233
2037 3.7420283885539187
2038 3.696525599769358
2039 3.732572846852065
2040 3.714944395188992
2041 3.729912721256347
2042 3.729103773527178
2043 3.761325743418098
2044 3.7345649357948694
2045 3.748295432471578
2046 3.741164021931411
2047 3.7862027789952406
2048 3.7196591111987116
2049 3.761136861384525
2050 3.765847768392986
2051 3.7620212900929335
2052 3.7546905010211757
2053 3.7734992475044438
2054 3.756278227742125
2055 3.7665650437517866
2056 3.769718917404733
2057 3.815653031192175
2058 3.7317236865439067
2059 3.7412922644033664
2060 3.765328991703871
2061 3.767219671388952
2062 3.750006682262188
2063 3.787987810809438
2064 3.7857523349727074
2065 3.7647678365067736
2066 3.708343224554527
2067 3.730719061886392
2068 3.7781067592341726
2069 3.79528793837966
2070 3.7597526631704192
2071 3.7791885973476784
2072 3.764095835569428
2073 3.7239428715008063
2074 3.7435002334234193
2075 3.7563553161737397
2076 3.76976765437824
2077 3.7267049849033356
2078 3.761079975744573
2079 3.7478839464303926
2080 3.7388294390062007
2081 3.7481033205986023
2082 3.7388418971038444
2083 3.7648187243356936
2084 3.740358828771405
2085 3.721530322621508
2086 3.781068138959931
2087 3.6911989770284515
2088 3.716247055588699
2089 3.718263812908312
2090 3.7586180240642735
2091 3.7825500747052634
2092 3.773506876172089
2093 3.751264873074322
2094 3.776308901426269
2095 3.7293253991662003
2096 3.718992334313509
2097 3.7102736670796466
2098 3.7657149484971675
2099 3.71836582189653
2100 3.7827077115454326
2101 3.7702779631789136
2102 3.748310303542672
2103 3.745448435952024
2104 3.731787129146297
2105 3.772711414752937
2106 3.748994485634129
2107 3.785043668456194
2108 3.7410086022644506
2109 3.770648141459721
2110 3.7482405435748216
2111 3.7263135386676325
2112 3.7454724144644853
2113 3.7313367353706823
2114 3.7514108092319676
2115 3.737331790894997
2116 3.7392627756770063
2117 3.7727875135293822
2118 3.7584436368651506
2119 3.7880231490949305
2120 3.7403467522888647
2121 3.7311239773180427
2122 3.7880352088590947
2123 3.724147064656746
2124 3.731619274470864
2125 3.7474572600387948
